RectangularLak    (dx= 10),   imx =  50,jmx =  50,ncols = 50
HV       V   V   V   V   V   V   V   V   V   V   V   V   V   V   V   V   V   V   V   V   V   V   V   V   V   V   V   V   V   V   V   V   V   V   V   V   V   V   V   V   V   V   V   V   V   V   V   V   V   V
         2    3    4    5    6    7    8    9   10   11   12   13   14   15   16   17   18   19   20   21   22   23   24   25   26   27   28   29   30   31   32   33   34   35   36   37   38   39   40   41   42   43   44   45   46   47   48   49   50   51
   51  150  150  150  150  150  150  150  150  150  150  150  150  150  150  150  150  150  150  150  150  150  150  150  150  150  150  150  150  150  150  150  150  150  150  150  150  150  150  150  150  150  150  150  150  150  150  150  150  150  150
   50  150  150  150  150  150  150  150  150  150  150  150  150  150  150  150  150  150  150  150  150  150  150  150  150  150  150  150  150  150  150  150  150  150  150  150  150  150  150  150  150  150  150  150  150  150  150  150  150  150  150
   49  150  150  150  150  150  150  150  150  150  150  150  150  150  150  150  150  150  150  150  150  150  150  150  150  150  150  150  150  150  150  150  150  150  150  150  150  150  150  150  150  150  150  150  150  150  150  150  150  150  150
   48  150  150  150  150  150  150  150  150  150  150  150  150  150  150  150  150  150  150  150  150  150  150  150  150  150  150  150  150  150  150  150  150  150  150  150  150  150  150  150  150  150  150  150  150  150  150  150  150  150  150
   47  150  150  150  150  150  150  150  150  150  150  150  150  150  150  150  150  150  150  150  150  150  150  150  150  150  150  150  150  150  150  150  150  150  150  150  150  150  150  150  150  150  150  150  150  150  150  150  150  150  150
   46  150  150  150  150  150  150  150  150  150  150  150  150  150  150  150  150  150  150  150  150  150  150  150  150  150  150  150  150  150  150  150  150  150  150  150  150  150  150  150  150  150  150  150  150  150  150  150  150  150  150
   45  150  150  150  150  150  150  150  150  150  150  150  150  150  150  150  150  150  150  150  150  150  150  150  150  150  150  150  150  150  150  150  150  150  150  150  150  150  150  150  150  150  150  150  150  150  150  150  150  150  150
   44  150  150  150  150  150  150  150  150  150  150  150  150  150  150  150  150  150  150  150  150  150  150  150  150  150  150  150  150  150  150  150  150  150  150  150  150  150  150  150  150  150  150  150  150  150  150  150  150  150  150
   43  150  150  150  150  150  150  150  150  150  150  150  150  150  150  150  150  150  150  150  150  150  150  150  150  150  150  150  150  150  150  150  150  150  150  150  150  150  150  150  150  150  150  150  150  150  150  150  150  150  150
   42  150  150  150  150  150  150  150  150  150  150  150  150  150  150  150  150  150  150  150  150  150  150  150  150  150  150  150  150  150  150  150  150  150  150  150  150  150  150  150  150  150  150  150  150  150  150  150  150  150  150
   41  150  150  150  150  150  150  150  150  150  150  150  150  150  150  150  150  150  150  150  150  150  150  150  150  150  150  150  150  150  150  150  150  150  150  150  150  150  150  150  150  150  150  150  150  150  150  150  150  150  150
   40  150  150  150  150  150  150  150  150  150  150  150  150  150  150  150  150  150  150  150  150  150  150  150  150  150  150  150  150  150  150  150  150  150  150  150  150  150  150  150  150  150  150  150  150  150  150  150  150  150  150
   39  150  150  150  150  150  150  150  150  150  150  150  150  150  150  150  150  150  150  150  150  150  150  150  150  150  150  150  150  150  150  150  150  150  150  150  150  150  150  150  150  150  150  150  150  150  150  150  150  150  150
   38  150  150  150  150  150  150  150  150  150  150  150  150  150  150  150  150  150  150  150  150  150  150  150  150  150  150  150  150  150  150  150  150  150  150  150  150  150  150  150  150  150  150  150  150  150  150  150  150  150  150
   37  150  150  150  150  150  150  150  150  150  150  150  150  150  150  150  150  150  150  150  150  150  150  150  150  150  150  150  150  150  150  150  150  150  150  150  150  150  150  150  150  150  150  150  150  150  150  150  150  150  150
   36  150  150  150  150  150  150  150  150  150  150  150  150  150  150  150  150  150  150  150  150  150  150  150  150  150  150  150  150  150  150  150  150  150  150  150  150  150  150  150  150  150  150  150  150  150  150  150  150  150  150
   35  150  150  150  150  150  150  150  150  150  150  150  150  150  150  150  150  150  150  150  150  150  150  150  150  150  150  150  150  150  150  150  150  150  150  150  150  150  150  150  150  150  150  150  150  150  150  150  150  150  150
   34  150  150  150  150  150  150  150  150  150  150  150  150  150  150  150  150  150  150  150  150  150  150  150  150  150  150  150  150  150  150  150  150  150  150  150  150  150  150  150  150  150  150  150  150  150  150  150  150  150  150
   33  150  150  150  150  150  150  150  150  150  150  150  150  150  150  150  150  150  150  150  150  150  150  150  150  150  150  150  150  150  150  150  150  150  150  150  150  150  150  150  150  150  150  150  150  150  150  150  150  150  150
   32  150  150  150  150  150  150  150  150  150  150  150  150  150  150  150  150  150  150  150  150  150  150  150  150  150  150  150  150  150  150  150  150  150  150  150  150  150  150  150  150  150  150  150  150  150  150  150  150  150  150
   31  150  150  150  150  150  150  150  150  150  150  150  150  150  150  150  150  150  150  150  150  150  150  150  150  150  150  150  150  150  150  150  150  150  150  150  150  150  150  150  150  150  150  150  150  150  150  150  150  150  150
   30  150  150  150  150  150  150  150  150  150  150  150  150  150  150  150  150  150  150  150  150  150  150  150  150  150  150  150  150  150  150  150  150  150  150  150  150  150  150  150  150  150  150  150  150  150  150  150  150  150  150
   29  150  150  150  150  150  150  150  150  150  150  150  150  150  150  150  150  150  150  150  150  150  150  150  150  150  150  150  150  150  150  150  150  150  150  150  150  150  150  150  150  150  150  150  150  150  150  150  150  150  150
   28  150  150  150  150  150  150  150  150  150  150  150  150  150  150  150  150  150  150  150  150  150  150  150  150  150  150  150  150  150  150  150  150  150  150  150  150  150  150  150  150  150  150  150  150  150  150  150  150  150  150
   27  150  150  150  150  150  150  150  150  150  150  150  150  150  150  150  150  150  150  150  150  150  150  150  150  150  150  150  150  150  150  150  150  150  150  150  150  150  150  150  150  150  150  150  150  150  150  150  150  150  150
   26  150  150  150  150  150  150  150  150  150  150  150  150  150  150  150  150  150  150  150  150  150  150  150  150  150  150  150  150  150  150  150  150  150  150  150  150  150  150  150  150  150  150  150  150  150  150  150  150  150  150
   25  150  150  150  150  150  150  150  150  150  150  150  150  150  150  150  150  150  150  150  150  150  150  150  150  150  150  150  150  150  150  150  150  150  150  150  150  150  150  150  150  150  150  150  150  150  150  150  150  150  150
   24  150  150  150  150  150  150  150  150  150  150  150  150  150  150  150  150  150  150  150  150  150  150  150  150  150  150  150  150  150  150  150  150  150  150  150  150  150  150  150  150  150  150  150  150  150  150  150  150  150  150
   23  150  150  150  150  150  150  150  150  150  150  150  150  150  150  150  150  150  150  150  150  150  150  150  150  150  150  150  150  150  150  150  150  150  150  150  150  150  150  150  150  150  150  150  150  150  150  150  150  150  150
   22  150  150  150  150  150  150  150  150  150  150  150  150  150  150  150  150  150  150  150  150  150  150  150  150  150  150  150  150  150  150  150  150  150  150  150  150  150  150  150  150  150  150  150  150  150  150  150  150  150  150
   21  150  150  150  150  150  150  150  150  150  150  150  150  150  150  150  150  150  150  150  150  150  150  150  150  150  150  150  150  150  150  150  150  150  150  150  150  150  150  150  150  150  150  150  150  150  150  150  150  150  150
   20  150  150  150  150  150  150  150  150  150  150  150  150  150  150  150  150  150  150  150  150  150  150  150  150  150  150  150  150  150  150  150  150  150  150  150  150  150  150  150  150  150  150  150  150  150  150  150  150  150  150
   19  150  150  150  150  150  150  150  150  150  150  150  150  150  150  150  150  150  150  150  150  150  150  150  150  150  150  150  150  150  150  150  150  150  150  150  150  150  150  150  150  150  150  150  150  150  150  150  150  150  150
   18  150  150  150  150  150  150  150  150  150  150  150  150  150  150  150  150  150  150  150  150  150  150  150  150  150  150  150  150  150  150  150  150  150  150  150  150  150  150  150  150  150  150  150  150  150  150  150  150  150  150
   17  150  150  150  150  150  150  150  150  150  150  150  150  150  150  150  150  150  150  150  150  150  150  150  150  150  150  150  150  150  150  150  150  150  150  150  150  150  150  150  150  150  150  150  150  150  150  150  150  150  150
   16  150  150  150  150  150  150  150  150  150  150  150  150  150  150  150  150  150  150  150  150  150  150  150  150  150  150  150  150  150  150  150  150  150  150  150  150  150  150  150  150  150  150  150  150  150  150  150  150  150  150
   15  150  150  150  150  150  150  150  150  150  150  150  150  150  150  150  150  150  150  150  150  150  150  150  150  150  150  150  150  150  150  150  150  150  150  150  150  150  150  150  150  150  150  150  150  150  150  150  150  150  150
   14  150  150  150  150  150  150  150  150  150  150  150  150  150  150  150  150  150  150  150  150  150  150  150  150  150  150  150  150  150  150  150  150  150  150  150  150  150  150  150  150  150  150  150  150  150  150  150  150  150  150
   13  150  150  150  150  150  150  150  150  150  150  150  150  150  150  150  150  150  150  150  150  150  150  150  150  150  150  150  150  150  150  150  150  150  150  150  150  150  150  150  150  150  150  150  150  150  150  150  150  150  150
   12  150  150  150  150  150  150  150  150  150  150  150  150  150  150  150  150  150  150  150  150  150  150  150  150  150  150  150  150  150  150  150  150  150  150  150  150  150  150  150  150  150  150  150  150  150  150  150  150  150  150
   11  150  150  150  150  150  150  150  150  150  150  150  150  150  150  150  150  150  150  150  150  150  150  150  150  150  150  150  150  150  150  150  150  150  150  150  150  150  150  150  150  150  150  150  150  150  150  150  150  150  150
   10  150  150  150  150  150  150  150  150  150  150  150  150  150  150  150  150  150  150  150  150  150  150  150  150  150  150  150  150  150  150  150  150  150  150  150  150  150  150  150  150  150  150  150  150  150  150  150  150  150  150
    9  150  150  150  150  150  150  150  150  150  150  150  150  150  150  150  150  150  150  150  150  150  150  150  150  150  150  150  150  150  150  150  150  150  150  150  150  150  150  150  150  150  150  150  150  150  150  150  150  150  150
    8  150  150  150  150  150  150  150  150  150  150  150  150  150  150  150  150  150  150  150  150  150  150  150  150  150  150  150  150  150  150  150  150  150  150  150  150  150  150  150  150  150  150  150  150  150  150  150  150  150  150
    7  150  150  150  150  150  150  150  150  150  150  150  150  150  150  150  150  150  150  150  150  150  150  150  150  150  150  150  150  150  150  150  150  150  150  150  150  150  150  150  150  150  150  150  150  150  150  150  150  150  150
    6  150  150  150  150  150  150  150  150  150  150  150  150  150  150  150  150  150  150  150  150  150  150  150  150  150  150  150  150  150  150  150  150  150  150  150  150  150  150  150  150  150  150  150  150  150  150  150  150  150  150
    5  150  150  150  150  150  150  150  150  150  150  150  150  150  150  150  150  150  150  150  150  150  150  150  150  150  150  150  150  150  150  150  150  150  150  150  150  150  150  150  150  150  150  150  150  150  150  150  150  150  150
    4  150  150  150  150  150  150  150  150  150  150  150  150  150  150  150  150  150  150  150  150  150  150  150  150  150  150  150  150  150  150  150  150  150  150  150  150  150  150  150  150  150  150  150  150  150  150  150  150  150  150
    3  150  150  150  150  150  150  150  150  150  150  150  150  150  150  150  150  150  150  150  150  150  150  150  150  150  150  150  150  150  150  150  150  150  150  150  150  150  150  150  150  150  150  150  150  150  150  150  150  150  150
    2  150  150  150  150  150  150  150  150  150  150  150  150  150  150  150  150  150  150  150  150  150  150  150  150  150  150  150  150  150  150  150  150  150  150  150  150  150  150  150  150  150  150  150  150  150  150  150  150  150  150
