    0.750000    0.000000    0.000000
    1.250000    0.000000    0.000000
    1.750000    0.000000    0.000000
    2.250000    0.000000    0.000000
    2.750000    0.000000    0.000000
    3.250000    0.000000    0.000000
    3.750000    0.000000    0.000000
    4.250000    0.000000    0.000000
    4.750000    0.000000    0.000000
    5.250000    0.000000    0.000000
    5.750000    0.000000    0.000000
    6.250000    0.000000    0.000000
    6.750000    0.000000    0.000000
    7.250000    0.000000    0.000000
    7.750000    0.000000    0.000000
    8.250000    0.000000    0.000000
    8.750000    0.000000    0.000000
    9.250000    0.000000    0.000000
    9.750000    0.000000    0.000000
   10.250000    0.000000    0.000000
   10.750000    0.000000    0.000000
   11.250000    0.000000    0.000000
    0.750000    0.000000    0.000000
    1.250000    0.000000    0.000000
    1.750000    0.000000    0.000000
    2.250000    0.000000    0.000000
    2.750000    0.000000    0.000000
    3.250000    0.000000    0.000000
    3.750000    0.000000    0.000000
    4.250000    0.000000    0.000000
    4.750000    0.000000    0.000000
    5.250000    0.000000    0.000000
    5.750000    0.000000    0.000000
    6.250000    0.000000    0.000000
    6.750000    0.000000    0.000000
    7.250000    0.000000    0.000000
    7.750000    0.000000    0.000000
    8.250000    0.000000    0.000000
    8.750000    0.000000    0.000000
    9.250000    0.000000    0.000000
    9.750000    0.000000    0.000000
   10.250000    0.000000    0.000000
   10.750000    0.000000    0.000000
   11.250000    0.000000    0.000000
    0.750000    0.000000    0.000000
    1.250000    0.000000    0.000000
    1.750000    0.000000    0.000000
    2.250000    0.000000    0.000000
    2.750000    0.000000    0.000000
    3.250000    0.000000    0.000000
    3.750000    0.000000    0.000000
    4.250000    0.000000    0.000000
    4.750000    0.000000    0.000000
    5.250000    0.000000    0.000000
    5.750000    0.000000    0.000000
    6.250000    0.000000    0.000000
    6.750000    0.000000    0.000000
    7.250000    0.000000    0.000000
    7.750000    0.000000    0.000000
    8.250000    0.000000    0.000000
    8.750000    0.000000    0.000000
    9.250000    0.000000    0.000000
    9.750000    0.000000    0.000000
   10.250000    0.000000    0.000000
   10.750000    0.000000    0.000000
   11.250000    0.000000    0.000000
    0.750000    0.000000    0.000000
    1.250000    0.000000    0.000000
    1.750000    0.000000    0.000000
    2.250000    0.000000    0.000000
    2.750000    0.000000    0.000000
    3.250000    0.000000    0.000000
    3.750000    0.000000    0.000000
    4.250000    0.000000    0.000000
    4.750000    0.000000    0.000000
    5.250000    0.000000    0.000000
    5.750000    0.000000    0.000000
    6.250000    0.000000    0.000000
    6.750000    0.000000    0.000000
    7.250000    0.000000    0.000000
    7.750000    0.000000    0.000000
    8.250000    0.000000    0.000000
    8.750000    0.000000    0.000000
    9.250000    0.000000    0.000000
    9.750000    0.000000    0.000000
   10.250000    0.000000    0.000000
   10.750000    0.000000    0.000000
   11.250000    0.000000    0.000000
   11.750000    0.000000    0.000000
    0.750000    0.000000    0.000000
    1.250000    0.000000    0.000000
    1.750000    0.000000    0.000000
    2.250000    0.000000    0.000000
    2.750000    0.000000    0.000000
    3.250000    0.000000    0.000000
    3.750000    0.000000    0.000000
    4.250000    0.000000    0.000000
    4.750000    0.000000    0.000000
    5.250000    0.000000    0.000000
    5.750000    0.000000    0.000000
    6.250000    0.000000    0.000000
    6.750000    0.000000    0.000000
    7.250000    0.000000    0.000000
    7.750000    0.000000    0.000000
    8.250000    0.000000    0.000000
    8.750000    0.000000    0.000000
    9.250000    0.000000    0.000000
    9.750000    0.000000    0.000000
   10.250000    0.000000    0.000000
   10.750000    0.000000    0.000000
   11.250000    0.000000    0.000000
   11.750000    0.000000    0.000000
    0.750000    0.000000    0.000000
    1.250000    0.000000    0.000000
    1.750000    0.000000    0.000000
    2.250000    0.000000    0.000000
    2.750000    0.000000    0.000000
    3.250000    0.000000    0.000000
    3.750000    0.000000    0.000000
    4.250000    0.000000    0.000000
    4.750000    0.000000    0.000000
    5.250000    0.000000    0.000000
    5.750000    0.000000    0.000000
    6.250000    0.000000    0.000000
    6.750000    0.000000    0.000000
    7.250000    0.000000    0.000000
    7.750000    0.000000    0.000000
    8.250000    0.000000    0.000000
    8.750000    0.000000    0.000000
    9.250000    0.000000    0.000000
    9.750000    0.000000    0.000000
   10.250000    0.000000    0.000000
   10.750000    0.000000    0.000000
   11.250000    0.000000    0.000000
   11.750000    0.000000    0.000000
    0.750000    0.000000    0.000000
    1.250000    0.000000    0.000000
    1.750000    0.000000    0.000000
    2.250000    0.000000    0.000000
    2.750000    0.000000    0.000000
    3.250000    0.000000    0.000000
    3.750000    0.000000    0.000000
    4.250000    0.000000    0.000000
    4.750000    0.000000    0.000000
    5.250000    0.000000    0.000000
    5.750000    0.000000    0.000000
    6.250000    0.000000    0.000000
    6.750000    0.000000    0.000000
    7.250000    0.000000    0.000000
    7.750000    0.000000    0.000000
    8.250000    0.000000    0.000000
    8.750000    0.000000    0.000000
    9.250000    0.000000    0.000000
    9.750000    0.000000    0.000000
   10.250000    0.000000    0.000000
   10.750000    0.000000    0.000000
   11.250000    0.000000    0.000000
   11.750000    0.000000    0.000000
   12.250000    0.000000    0.000000
    0.750000    0.000000    0.000000
    1.250000    0.000000    0.000000
    1.750000    0.000000    0.000000
    2.250000    0.000000    0.000000
    2.750000    0.000000    0.000000
    3.250000    0.000000    0.000000
    3.750000    0.000000    0.000000
    4.250000    0.000000    0.000000
    4.750000    0.000000    0.000000
    5.250000    0.000000    0.000000
    5.750000    0.000000    0.000000
    6.250000    0.000000    0.000000
    6.750000    0.000000    0.000000
    7.250000    0.000000    0.000000
    7.750000    0.000000    0.000000
    8.250000    0.000000    0.000000
    8.750000    0.000000    0.000000
    9.250000    0.000000    0.000000
    9.750000    0.000000    0.000000
   10.250000    0.000000    0.000000
   10.750000    0.000000    0.000000
   11.250000    0.000000    0.000000
   11.750000    0.000000    0.000000
   12.250000    0.000000    0.000000
    0.750000    0.000000    0.000000
    1.250000    0.000000    0.000000
    1.750000    0.000000    0.000000
    2.250000    0.000000    0.000000
    2.750000    0.000000    0.000000
    3.250000    0.000000    0.000000
    3.750000    0.000000    0.000000
    4.250000    0.000000    0.000000
    4.750000    0.000000    0.000000
    5.250000    0.000000    0.000000
    5.750000    0.000000    0.000000
    6.250000    0.000000    0.000000
    6.750000    0.000000    0.000000
    7.250000    0.000000    0.000000
    7.750000    0.000000    0.000000
    8.250000    0.000000    0.000000
    8.750000    0.000000    0.000000
    9.250000    0.000000    0.000000
    9.750000    0.000000    0.000000
   10.250000    0.000000    0.000000
   10.750000    0.000000    0.000000
   11.250000    0.000000    0.000000
   11.750000    0.000000    0.000000
   12.250000    0.000000    0.000000
    0.750000    0.000000    0.000000
    1.250000    0.000000    0.000000
    1.750000    0.000000    0.000000
    2.250000    0.000000    0.000000
    2.750000    0.000000    0.000000
    3.250000    0.000000    0.000000
    3.750000    0.000000    0.000000
    4.250000    0.000000    0.000000
    4.750000    0.000000    0.000000
    5.250000    0.000000    0.000000
    5.750000    0.000000    0.000000
    6.250000    0.000000    0.000000
    6.750000    0.000000    0.000000
    7.250000    0.000000    0.000000
    7.750000    0.000000    0.000000
    8.250000    0.000000    0.000000
    8.750000    0.000000    0.000000
    9.250000    0.000000    0.000000
    9.750000    0.000000    0.000000
   10.250000    0.000000    0.000000
   10.750000    0.000000    0.000000
   11.250000    0.000000    0.000000
   11.750000    0.000000    0.000000
   12.250000    0.000000    0.000000
   12.750000    0.000000    0.000000
   13.250000    0.000000    0.000000
    0.750000    0.000000    0.000000
    1.250000    0.000000    0.000000
    1.750000    0.000000    0.000000
    2.250000    0.000000    0.000000
    2.750000    0.000000    0.000000
    3.250000    0.000000    0.000000
    3.750000    0.000000    0.000000
    4.250000    0.000000    0.000000
    4.750000    0.000000    0.000000
    5.250000    0.000000    0.000000
    5.750000    0.000000    0.000000
    6.250000    0.000000    0.000000
    6.750000    0.000000    0.000000
    7.250000    0.000000    0.000000
    7.750000    0.000000    0.000000
    8.250000    0.000000    0.000000
    8.750000    0.000000    0.000000
    9.250000    0.000000    0.000000
    9.750000    0.000000    0.000000
   10.250000    0.000000    0.000000
   10.750000    0.000000    0.000000
   11.250000    0.000000    0.000000
   11.750000    0.000000    0.000000
   12.250000    0.000000    0.000000
   12.750000    0.000000    0.000000
   13.250000    0.000000    0.000000
    0.750000    0.000000    0.000000
    1.250000    0.000000    0.000000
    1.750000    0.000000    0.000000
    2.250000    0.000000    0.000000
    2.750000    0.000000    0.000000
    3.250000    0.000000    0.000000
    3.750000    0.000000    0.000000
    4.250000    0.000000    0.000000
    4.750000    0.000000    0.000000
    5.250000    0.000000    0.000000
    5.750000    0.000000    0.000000
    6.250000    0.000000    0.000000
    6.750000    0.000000    0.000000
    7.250000    0.000000    0.000000
    7.750000    0.000000    0.000000
    8.250000    0.000000    0.000000
    8.750000    0.000000    0.000000
    9.250000    0.000000    0.000000
    9.750000    0.000000    0.000000
   10.250000    0.000000    0.000000
   10.750000    0.000000    0.000000
   11.250000    0.000000    0.000000
   11.750000    0.000000    0.000000
   12.250000    0.000000    0.000000
   12.750000    0.000000    0.000000
   13.250000    0.000000    0.000000
    0.750000    0.000000    0.000000
    1.250000    0.000000    0.000000
    1.750000    0.000000    0.000000
    2.250000    0.000000    0.000000
    2.750000    0.000000    0.000000
    3.250000    0.000000    0.000000
    3.750000    0.000000    0.000000
    4.250000    0.000000    0.000000
    4.750000    0.000000    0.000000
    5.250000    0.000000    0.000000
    5.750000    0.000000    0.000000
    6.250000    0.000000    0.000000
    6.750000    0.000000    0.000000
    7.250000    0.000000    0.000000
    7.750000    0.000000    0.000000
    8.250000    0.000000    0.000000
    8.750000    0.000000    0.000000
    9.250000    0.000000    0.000000
    9.750000    0.000000    0.000000
   10.250000    0.000000    0.000000
   10.750000    0.000000    0.000000
   11.250000    0.000000    0.000000
   11.750000    0.000000    0.000000
   12.250000    0.000000    0.000000
   12.750000    0.000000    0.000000
   13.250000    0.000000    0.000000
   13.750000    0.000000    0.000000
    0.750000    0.000000    0.000000
    1.250000    0.000000    0.000000
    1.750000    0.000000    0.000000
    2.250000    0.000000    0.000000
    2.750000    0.000000    0.000000
    3.250000    0.000000    0.000000
    3.750000    0.000000    0.000000
    4.250000    0.000000    0.000000
    4.750000    0.000000    0.000000
    5.250000    0.000000    0.000000
    5.750000    0.000000    0.000000
    6.250000    0.000000    0.000000
    6.750000    0.000000    0.000000
    7.250000    0.000000    0.000000
    7.750000    0.000000    0.000000
    8.250000    0.000000    0.000000
    8.750000    0.000000    0.000000
    9.250000    0.000000    0.000000
    9.750000    0.000000    0.000000
   10.250000    0.000000    0.000000
   10.750000    0.000000    0.000000
   11.250000    0.000000    0.000000
   11.750000    0.000000    0.000000
   12.250000    0.000000    0.000000
   12.750000    0.000000    0.000000
   13.250000    0.000000    0.000000
   13.750000    0.000000    0.000000
    0.750000    0.000000    0.000000
    1.250000    0.000000    0.000000
    1.750000    0.000000    0.000000
    2.250000    0.000000    0.000000
    2.750000    0.000000    0.000000
    3.250000    0.000000    0.000000
    3.750000    0.000000    0.000000
    4.250000    0.000000    0.000000
    4.750000    0.000000    0.000000
    5.250000    0.000000    0.000000
    5.750000    0.000000    0.000000
    6.250000    0.000000    0.000000
    6.750000    0.000000    0.000000
    7.250000    0.000000    0.000000
    7.750000    0.000000    0.000000
    8.250000    0.000000    0.000000
    8.750000    0.000000    0.000000
    9.250000    0.000000    0.000000
    9.750000    0.000000    0.000000
   10.250000    0.000000    0.000000
   10.750000    0.000000    0.000000
   11.250000    0.000000    0.000000
   11.750000    0.000000    0.000000
   12.250000    0.000000    0.000000
   12.750000    0.000000    0.000000
   13.250000    0.000000    0.000000
   13.750000    0.000000    0.000000
    0.750000    0.000000    0.000000
    1.250000    0.000000    0.000000
    1.750000    0.000000    0.000000
    2.250000    0.000000    0.000000
    2.750000    0.000000    0.000000
    3.250000    0.000000    0.000000
    3.750000    0.000000    0.000000
    4.250000    0.000000    0.000000
    4.750000    0.000000    0.000000
    5.250000    0.000000    0.000000
    5.750000    0.000000    0.000000
    6.250000    0.000000    0.000000
    6.750000    0.000000    0.000000
    7.250000    0.000000    0.000000
    7.750000    0.000000    0.000000
    8.250000    0.000000    0.000000
    8.750000    0.000000    0.000000
    9.250000    0.000000    0.000000
    9.750000    0.000000    0.000000
   10.250000    0.000000    0.000000
   10.750000    0.000000    0.000000
   11.250000    0.000000    0.000000
   11.750000    0.000000    0.000000
   12.250000    0.000000    0.000000
   12.750000    0.000000    0.000000
   13.250000    0.000000    0.000000
    0.750000    0.000000    0.000000
    1.250000    0.000000    0.000000
    1.750000    0.000000    0.000000
    2.250000    0.000000    0.000000
    2.750000    0.000000    0.000000
    3.250000    0.000000    0.000000
    3.750000    0.000000    0.000000
    4.250000    0.000000    0.000000
    4.750000    0.000000    0.000000
    5.250000    0.000000    0.000000
    5.750000    0.000000    0.000000
    6.250000    0.000000    0.000000
    6.750000    0.000000    0.000000
    7.250000    0.000000    0.000000
    7.750000    0.000000    0.000000
    8.250000    0.000000    0.000000
    8.750000    0.000000    0.000000
    9.250000    0.000000    0.000000
    9.750000    0.000000    0.000000
   10.250000    0.000000    0.000000
   10.750000    0.000000    0.000000
   11.250000    0.000000    0.000000
   11.750000    0.000000    0.000000
   12.250000    0.000000    0.000000
   12.750000    0.000000    0.000000
   13.250000    0.000000    0.000000
    0.750000    0.000000    0.000000
    1.250000    0.000000    0.000000
    1.750000    0.000000    0.000000
    2.250000    0.000000    0.000000
    2.750000    0.000000    0.000000
    3.250000    0.000000    0.000000
    3.750000    0.000000    0.000000
    4.250000    0.000000    0.000000
    4.750000    0.000000    0.000000
    5.250000    0.000000    0.000000
    5.750000    0.000000    0.000000
    6.250000    0.000000    0.000000
    6.750000    0.000000    0.000000
    7.250000    0.000000    0.000000
    7.750000    0.000000    0.000000
    8.250000    0.000000    0.000000
    8.750000    0.000000    0.000000
    9.250000    0.000000    0.000000
    9.750000    0.000000    0.000000
   10.250000    0.000000    0.000000
   10.750000    0.000000    0.000000
   11.250000    0.000000    0.000000
   11.750000    0.000000    0.000000
   12.250000    0.000000    0.000000
   12.750000    0.000000    0.000000
   13.250000    0.000000    0.000000
    0.750000    0.000000    0.000000
    1.250000    0.000000    0.000000
    1.750000    0.000000    0.000000
    2.250000    0.000000    0.000000
    2.750000    0.000000    0.000000
    3.250000    0.000000    0.000000
    3.750000    0.000000    0.000000
    4.250000    0.000000    0.000000
    4.750000    0.000000    0.000000
    5.250000    0.000000    0.000000
    5.750000    0.000000    0.000000
    6.250000    0.000000    0.000000
    6.750000    0.000000    0.000000
    7.250000    0.000000    0.000000
    7.750000    0.000000    0.000000
    8.250000    0.000000    0.000000
    8.750000    0.000000    0.000000
    9.250000    0.000000    0.000000
    9.750000    0.000000    0.000000
   10.250000    0.000000    0.000000
   10.750000    0.000000    0.000000
   11.250000    0.000000    0.000000
   11.750000    0.000000    0.000000
   12.250000    0.000000    0.000000
    0.750000    0.000000    0.000000
    1.250000    0.000000    0.000000
    1.750000    0.000000    0.000000
    2.250000    0.000000    0.000000
    2.750000    0.000000    0.000000
    3.250000    0.000000    0.000000
    3.750000    0.000000    0.000000
    4.250000    0.000000    0.000000
    4.750000    0.000000    0.000000
    5.250000    0.000000    0.000000
    5.750000    0.000000    0.000000
    6.250000    0.000000    0.000000
    6.750000    0.000000    0.000000
    7.250000    0.000000    0.000000
    7.750000    0.000000    0.000000
    8.250000    0.000000    0.000000
    8.750000    0.000000    0.000000
    9.250000    0.000000    0.000000
    9.750000    0.000000    0.000000
   10.250000    0.000000    0.000000
   10.750000    0.000000    0.000000
   11.250000    0.000000    0.000000
   11.750000    0.000000    0.000000
   12.250000    0.000000    0.000000
    0.750000    0.000000    0.000000
    1.250000    0.000000    0.000000
    1.750000    0.000000    0.000000
    2.250000    0.000000    0.000000
    2.750000    0.000000    0.000000
    3.250000    0.000000    0.000000
    3.750000    0.000000    0.000000
    4.250000    0.000000    0.000000
    4.750000    0.000000    0.000000
    5.250000    0.000000    0.000000
    5.750000    0.000000    0.000000
    6.250000    0.000000    0.000000
    6.750000    0.000000    0.000000
    7.250000    0.000000    0.000000
    7.750000    0.000000    0.000000
    8.250000    0.000000    0.000000
    8.750000    0.000000    0.000000
    9.250000    0.000000    0.000000
    9.750000    0.000000    0.000000
   10.250000    0.000000    0.000000
   10.750000    0.000000    0.000000
   11.250000    0.000000    0.000000
   11.750000    0.000000    0.000000
   12.250000    0.000000    0.000000
    0.750000    0.000000    0.000000
    1.250000    0.000000    0.000000
    1.750000    0.000000    0.000000
    2.250000    0.000000    0.000000
    2.750000    0.000000    0.000000
    3.250000    0.000000    0.000000
    3.750000    0.000000    0.000000
    4.250000    0.000000    0.000000
    4.750000    0.000000    0.000000
    5.250000    0.000000    0.000000
    5.750000    0.000000    0.000000
    6.250000    0.000000    0.000000
    6.750000    0.000000    0.000000
    7.250000    0.000000    0.000000
    7.750000    0.000000    0.000000
    8.250000    0.000000    0.000000
    8.750000    0.000000    0.000000
    9.250000    0.000000    0.000000
    9.750000    0.000000    0.000000
   10.250000    0.000000    0.000000
   10.750000    0.000000    0.000000
   11.250000    0.000000    0.000000
   11.750000    0.000000    0.000000
    0.750000    0.000000    0.000000
    1.250000    0.000000    0.000000
    1.750000    0.000000    0.000000
    2.250000    0.000000    0.000000
    2.750000    0.000000    0.000000
    3.250000    0.000000    0.000000
    3.750000    0.000000    0.000000
    4.250000    0.000000    0.000000
    4.750000    0.000000    0.000000
    5.250000    0.000000    0.000000
    5.750000    0.000000    0.000000
    6.250000    0.000000    0.000000
    6.750000    0.000000    0.000000
    7.250000    0.000000    0.000000
    7.750000    0.000000    0.000000
    8.250000    0.000000    0.000000
    8.750000    0.000000    0.000000
    9.250000    0.000000    0.000000
    9.750000    0.000000    0.000000
   10.250000    0.000000    0.000000
   10.750000    0.000000    0.000000
   11.250000    0.000000    0.000000
   11.750000    0.000000    0.000000
    0.750000    0.000000    0.000000
    1.250000    0.000000    0.000000
    1.750000    0.000000    0.000000
    2.250000    0.000000    0.000000
    2.750000    0.000000    0.000000
    3.250000    0.000000    0.000000
    3.750000    0.000000    0.000000
    4.250000    0.000000    0.000000
    4.750000    0.000000    0.000000
    5.250000    0.000000    0.000000
    5.750000    0.000000    0.000000
    6.250000    0.000000    0.000000
    6.750000    0.000000    0.000000
    7.250000    0.000000    0.000000
    7.750000    0.000000    0.000000
    8.250000    0.000000    0.000000
    8.750000    0.000000    0.000000
    9.250000    0.000000    0.000000
    9.750000    0.000000    0.000000
   10.250000    0.000000    0.000000
   10.750000    0.000000    0.000000
   11.250000    0.000000    0.000000
   11.750000    0.000000    0.000000
    0.750000    0.000000    0.000000
    1.250000    0.000000    0.000000
    1.750000    0.000000    0.000000
    2.250000    0.000000    0.000000
    2.750000    0.000000    0.000000
    3.250000    0.000000    0.000000
    3.750000    0.000000    0.000000
    4.250000    0.000000    0.000000
    4.750000    0.000000    0.000000
    5.250000    0.000000    0.000000
    5.750000    0.000000    0.000000
    6.250000    0.000000    0.000000
    6.750000    0.000000    0.000000
    7.250000    0.000000    0.000000
    7.750000    0.000000    0.000000
    8.250000    0.000000    0.000000
    8.750000    0.000000    0.000000
    9.250000    0.000000    0.000000
    9.750000    0.000000    0.000000
   10.250000    0.000000    0.000000
   10.750000    0.000000    0.000000
   11.250000    0.000000    0.000000
    0.750000    0.000000    0.000000
    1.250000    0.000000    0.000000
    1.750000    0.000000    0.000000
    2.250000    0.000000    0.000000
    2.750000    0.000000    0.000000
    3.250000    0.000000    0.000000
    3.750000    0.000000    0.000000
    4.250000    0.000000    0.000000
    4.750000    0.000000    0.000000
    5.250000    0.000000    0.000000
    5.750000    0.000000    0.000000
    6.250000    0.000000    0.000000
    6.750000    0.000000    0.000000
    7.250000    0.000000    0.000000
    7.750000    0.000000    0.000000
    8.250000    0.000000    0.000000
    8.750000    0.000000    0.000000
    9.250000    0.000000    0.000000
    9.750000    0.000000    0.000000
   10.250000    0.000000    0.000000
   10.750000    0.000000    0.000000
   11.250000    0.000000    0.000000
    0.750000    0.000000    0.000000
    1.250000    0.000000    0.000000
    1.750000    0.000000    0.000000
    2.250000    0.000000    0.000000
    2.750000    0.000000    0.000000
    3.250000    0.000000    0.000000
    3.750000    0.000000    0.000000
    4.250000    0.000000    0.000000
    4.750000    0.000000    0.000000
    5.250000    0.000000    0.000000
    5.750000    0.000000    0.000000
    6.250000    0.000000    0.000000
    6.750000    0.000000    0.000000
    7.250000    0.000000    0.000000
    7.750000    0.000000    0.000000
    8.250000    0.000000    0.000000
    8.750000    0.000000    0.000000
    9.250000    0.000000    0.000000
    9.750000    0.000000    0.000000
   10.250000    0.000000    0.000000
   10.750000    0.000000    0.000000
   11.250000    0.000000    0.000000
    0.750000    0.000000    0.000000
    1.250000    0.000000    0.000000
    1.750000    0.000000    0.000000
    2.250000    0.000000    0.000000
    2.750000    0.000000    0.000000
    3.250000    0.000000    0.000000
    3.750000    0.000000    0.000000
    4.250000    0.000000    0.000000
    4.750000    0.000000    0.000000
    5.250000    0.000000    0.000000
    5.750000    0.000000    0.000000
    6.250000    0.000000    0.000000
    6.750000    0.000000    0.000000
    7.250000    0.000000    0.000000
    7.750000    0.000000    0.000000
    8.250000    0.000000    0.000000
    8.750000    0.000000    0.000000
    9.250000    0.000000    0.000000
    9.750000    0.000000    0.000000
   10.250000    0.000000    0.000000
   10.750000    0.000000    0.000000
   11.250000    0.000000    0.000000
    0.750000    0.000000    0.000000
    1.250000    0.000000    0.000000
    1.750000    0.000000    0.000000
    2.250000    0.000000    0.000000
    2.750000    0.000000    0.000000
    3.250000    0.000000    0.000000
    3.750000    0.000000    0.000000
    4.250000    0.000000    0.000000
    4.750000    0.000000    0.000000
    5.250000    0.000000    0.000000
    5.750000    0.000000    0.000000
    6.250000    0.000000    0.000000
    6.750000    0.000000    0.000000
    7.250000    0.000000    0.000000
    7.750000    0.000000    0.000000
    8.250000    0.000000    0.000000
    8.750000    0.000000    0.000000
    9.250000    0.000000    0.000000
    9.750000    0.000000    0.000000
   10.250000    0.000000    0.000000
   10.750000    0.000000    0.000000
   11.250000    0.000000    0.000000
    0.750000    0.000000    0.000000
    1.250000    0.000000    0.000000
    1.750000    0.000000    0.000000
    2.250000    0.000000    0.000000
    2.750000    0.000000    0.000000
    3.250000    0.000000    0.000000
    3.750000    0.000000    0.000000
    4.250000    0.000000    0.000000
    4.750000    0.000000    0.000000
    5.250000    0.000000    0.000000
    5.750000    0.000000    0.000000
    6.250000    0.000000    0.000000
    6.750000    0.000000    0.000000
    7.250000    0.000000    0.000000
    7.750000    0.000000    0.000000
    8.250000    0.000000    0.000000
    8.750000    0.000000    0.000000
    9.250000    0.000000    0.000000
    9.750000    0.000000    0.000000
   10.250000    0.000000    0.000000
   10.750000    0.000000    0.000000
   11.250000    0.000000    0.000000
    0.741685    0.000459    0.000000
    1.241685    0.000456    0.000000
    1.741685    0.000455    0.000000
    2.241685    0.000456    0.000000
    2.741685    0.000454    0.000000
    3.241685    0.000453    0.000000
    3.741685    0.000452    0.000000
    4.241685    0.000450    0.000000
    4.741685    0.000450    0.000000
    5.241685    0.000449    0.000000
    5.741685    0.000447    0.000000
    6.241685    0.000448    0.000000
    6.741685    0.004749    0.000000
    7.241685    0.008617    0.000000
    7.741685    0.008023    0.000000
    8.241685    0.007409    0.000000
    8.741685    0.003592    0.000000
    9.241685    0.000247    0.000000
    9.741685    0.000246    0.000000
   10.241685    0.000245    0.000000
   10.741685    0.000243    0.000000
   11.241685    0.000245    0.000000
    0.741685    0.000459    0.000000
    1.241685    0.000456    0.000000
    1.741685    0.000455    0.000000
    2.241685    0.000456    0.000000
    2.741685    0.000454    0.000000
    3.241685    0.000453    0.000000
    3.741685    0.000452    0.000000
    4.241685    0.000450    0.000000
    4.741685    0.000450    0.000000
    5.241685    0.000449    0.000000
    5.741685    0.000447    0.000000
    6.241685    0.000448    0.000000
    6.741685    0.004749    0.000000
    7.241685    0.008617    0.000000
    7.741685    0.008023    0.000000
    8.241685    0.007409    0.000000
    8.741685    0.003592    0.000000
    9.241685    0.000247    0.000000
    9.741685    0.000246    0.000000
   10.241685    0.000245    0.000000
   10.741685    0.000243    0.000000
   11.241685    0.000245    0.000000
    0.741685    0.000459    0.000000
    1.241685    0.000456    0.000000
    1.741685    0.000455    0.000000
    2.241685    0.000456    0.000000
    2.741685    0.000454    0.000000
    3.241685    0.000453    0.000000
    3.741685    0.000452    0.000000
    4.241685    0.000450    0.000000
    4.741685    0.000450    0.000000
    5.241685    0.000449    0.000000
    5.741685    0.000447    0.000000
    6.241685    0.000448    0.000000
    6.741685    0.004749    0.000000
    7.241685    0.008617    0.000000
    7.741685    0.008023    0.000000
    8.241685    0.007409    0.000000
    8.741685    0.003592    0.000000
    9.241685    0.000247    0.000000
    9.741685    0.000246    0.000000
   10.241685    0.000245    0.000000
   10.741685    0.000243    0.000000
   11.241685    0.000245    0.000000
    0.740322    0.000459    0.000000
    1.240322    0.000456    0.000000
    1.740322    0.000455    0.000000
    2.240322    0.000456    0.000000
    2.740322    0.000454    0.000000
    3.240322    0.000453    0.000000
    3.740322    0.000452    0.000000
    4.240322    0.000450    0.000000
    4.740322    0.000450    0.000000
    5.240322    0.000449    0.000000
    5.740322    0.000447    0.000000
    6.240322    0.000448    0.000000
    6.740322    0.004749    0.000000
    7.240322    0.008617    0.000000
    7.740322    0.008023    0.000000
    8.240322    0.007409    0.000000
    8.740322    0.003592    0.000000
    9.240322    0.000247    0.000000
    9.740322    0.000246    0.000000
   10.240322    0.000245    0.000000
   10.740322    0.000243    0.000000
   11.240322    0.000245    0.000000
   11.740322    0.000243    0.000000
    0.740322    0.000459    0.000000
    1.240322    0.000456    0.000000
    1.740322    0.000455    0.000000
    2.240322    0.000456    0.000000
    2.740322    0.000454    0.000000
    3.240322    0.000453    0.000000
    3.740322    0.000452    0.000000
    4.240322    0.000450    0.000000
    4.740322    0.000450    0.000000
    5.240322    0.000449    0.000000
    5.740322    0.000447    0.000000
    6.240322    0.000448    0.000000
    6.740322    0.004749    0.000000
    7.240322    0.008617    0.000000
    7.740322    0.008023    0.000000
    8.240322    0.007409    0.000000
    8.740322    0.003592    0.000000
    9.240322    0.000247    0.000000
    9.740322    0.000246    0.000000
   10.240322    0.000245    0.000000
   10.740322    0.000243    0.000000
   11.240322    0.000245    0.000000
   11.740322    0.000243    0.000000
    0.740322    0.000459    0.000000
    1.240322    0.000456    0.000000
    1.740322    0.000455    0.000000
    2.240322    0.000456    0.000000
    2.740322    0.000454    0.000000
    3.240322    0.000453    0.000000
    3.740322    0.000452    0.000000
    4.240322    0.000450    0.000000
    4.740322    0.000450    0.000000
    5.240322    0.000449    0.000000
    5.740322    0.000447    0.000000
    6.240322    0.000448    0.000000
    6.740322    0.004749    0.000000
    7.240322    0.008617    0.000000
    7.740322    0.008023    0.000000
    8.240322    0.007409    0.000000
    8.740322    0.003592    0.000000
    9.240322    0.000247    0.000000
    9.740322    0.000246    0.000000
   10.240322    0.000245    0.000000
   10.740322    0.000243    0.000000
   11.240322    0.000245    0.000000
   11.740322    0.000243    0.000000
    0.739892    0.000459    0.000000
    1.239892    0.000456    0.000000
    1.739892    0.000455    0.000000
    2.239892    0.000456    0.000000
    2.739892    0.000454    0.000000
    3.239892    0.000453    0.000000
    3.739892    0.000452    0.000000
    4.239892    0.000450    0.000000
    4.739892    0.000450    0.000000
    5.239892    0.000449    0.000000
    5.739892    0.000447    0.000000
    6.239892    0.000448    0.000000
    6.739892    0.004749    0.000000
    7.239892    0.008617    0.000000
    7.739892    0.008023    0.000000
    8.239892    0.007409    0.000000
    8.739892    0.003592    0.000000
    9.239892    0.000247    0.000000
    9.739892    0.000246    0.000000
   10.239892    0.000245    0.000000
   10.739892    0.000243    0.000000
   11.239892    0.000245    0.000000
   11.739892    0.000243    0.000000
   12.239892    0.000242    0.000000
    0.739892    0.000459    0.000000
    1.239892    0.000456    0.000000
    1.739892    0.000455    0.000000
    2.239892    0.000456    0.000000
    2.739892    0.000454    0.000000
    3.239892    0.000453    0.000000
    3.739892    0.000452    0.000000
    4.239892    0.000450    0.000000
    4.739892    0.000450    0.000000
    5.239892    0.000449    0.000000
    5.739892    0.000447    0.000000
    6.239892    0.000448    0.000000
    6.739892    0.004749    0.000000
    7.239892    0.008617    0.000000
    7.739892    0.008023    0.000000
    8.239892    0.007409    0.000000
    8.739892    0.003592    0.000000
    9.239892    0.000247    0.000000
    9.739892    0.000246    0.000000
   10.239892    0.000245    0.000000
   10.739892    0.000243    0.000000
   11.239892    0.000245    0.000000
   11.739892    0.000243    0.000000
   12.239892    0.000242    0.000000
    0.739892    0.000459    0.000000
    1.239892    0.000456    0.000000
    1.739892    0.000455    0.000000
    2.239892    0.000456    0.000000
    2.739892    0.000454    0.000000
    3.239892    0.000453    0.000000
    3.739892    0.000452    0.000000
    4.239892    0.000450    0.000000
    4.739892    0.000450    0.000000
    5.239892    0.000449    0.000000
    5.739892    0.000447    0.000000
    6.239892    0.000448    0.000000
    6.739892    0.004749    0.000000
    7.239892    0.008617    0.000000
    7.739892    0.008023    0.000000
    8.239892    0.007409    0.000000
    8.739892    0.003592    0.000000
    9.239892    0.000247    0.000000
    9.739892    0.000246    0.000000
   10.239892    0.000245    0.000000
   10.739892    0.000243    0.000000
   11.239892    0.000245    0.000000
   11.739892    0.000243    0.000000
   12.239892    0.000242    0.000000
    0.739130    0.000459    0.000000
    1.239130    0.000456    0.000000
    1.739130    0.000455    0.000000
    2.239130    0.000456    0.000000
    2.739130    0.000454    0.000000
    3.239130    0.000453    0.000000
    3.739130    0.000452    0.000000
    4.239130    0.000450    0.000000
    4.739130    0.000450    0.000000
    5.239130    0.000449    0.000000
    5.739130    0.000447    0.000000
    6.239130    0.000448    0.000000
    6.739130    0.004749    0.000000
    7.239130    0.008617    0.000000
    7.739130    0.008023    0.000000
    8.239130    0.007409    0.000000
    8.739130    0.003592    0.000000
    9.239130    0.000247    0.000000
    9.739130    0.000246    0.000000
   10.239130    0.000245    0.000000
   10.739130    0.000243    0.000000
   11.239130    0.000245    0.000000
   11.739130    0.000243    0.000000
   12.239130    0.000242    0.000000
   12.739130    0.000242    0.000000
   13.239130    0.000241    0.000000
    0.739130    0.000459    0.000000
    1.239130    0.000456    0.000000
    1.739130    0.000455    0.000000
    2.239130    0.000456    0.000000
    2.739130    0.000454    0.000000
    3.239130    0.000453    0.000000
    3.739130    0.000452    0.000000
    4.239130    0.000450    0.000000
    4.739130    0.000450    0.000000
    5.239130    0.000449    0.000000
    5.739130    0.000447    0.000000
    6.239130    0.000448    0.000000
    6.739130    0.004749    0.000000
    7.239130    0.008617    0.000000
    7.739130    0.008023    0.000000
    8.239130    0.007409    0.000000
    8.739130    0.003592    0.000000
    9.239130    0.000247    0.000000
    9.739130    0.000246    0.000000
   10.239130    0.000245    0.000000
   10.739130    0.000243    0.000000
   11.239130    0.000245    0.000000
   11.739130    0.000243    0.000000
   12.239130    0.000242    0.000000
   12.739130    0.000242    0.000000
   13.239130    0.000241    0.000000
    0.739130    0.000459    0.000000
    1.239130    0.000456    0.000000
    1.739130    0.000455    0.000000
    2.239130    0.000456    0.000000
    2.739130    0.000454    0.000000
    3.239130    0.000453    0.000000
    3.739130    0.000452    0.000000
    4.239130    0.000450    0.000000
    4.739130    0.000450    0.000000
    5.239130    0.000449    0.000000
    5.739130    0.000447    0.000000
    6.239130    0.000448    0.000000
    6.739130    0.004749    0.000000
    7.239130    0.008617    0.000000
    7.739130    0.008023    0.000000
    8.239130    0.007409    0.000000
    8.739130    0.003592    0.000000
    9.239130    0.000247    0.000000
    9.739130    0.000246    0.000000
   10.239130    0.000245    0.000000
   10.739130    0.000243    0.000000
   11.239130    0.000245    0.000000
   11.739130    0.000243    0.000000
   12.239130    0.000242    0.000000
   12.739130    0.000242    0.000000
   13.239130    0.000241    0.000000
    0.739666    0.000459    0.000000
    1.239666    0.000456    0.000000
    1.739666    0.000455    0.000000
    2.239666    0.000456    0.000000
    2.739666    0.000454    0.000000
    3.239666    0.000453    0.000000
    3.739666    0.000452    0.000000
    4.239666    0.000450    0.000000
    4.739666    0.000450    0.000000
    5.239666    0.000449    0.000000
    5.739666    0.000447    0.000000
    6.239666    0.000448    0.000000
    6.739666    0.004749    0.000000
    7.239666    0.008617    0.000000
    7.739666    0.008023    0.000000
    8.239666    0.007409    0.000000
    8.739666    0.003592    0.000000
    9.239666    0.000247    0.000000
    9.739666    0.000246    0.000000
   10.239666    0.000245    0.000000
   10.739666    0.000243    0.000000
   11.239666    0.000245    0.000000
   11.739666    0.000243    0.000000
   12.239666    0.000242    0.000000
   12.739666    0.000242    0.000000
   13.239666    0.000241    0.000000
   13.739666    0.000241    0.000000
    0.739666    0.000459    0.000000
    1.239666    0.000456    0.000000
    1.739666    0.000455    0.000000
    2.239666    0.000456    0.000000
    2.739666    0.000454    0.000000
    3.239666    0.000453    0.000000
    3.739666    0.000452    0.000000
    4.239666    0.000450    0.000000
    4.739666    0.000450    0.000000
    5.239666    0.000449    0.000000
    5.739666    0.000447    0.000000
    6.239666    0.000448    0.000000
    6.739666    0.004749    0.000000
    7.239666    0.008617    0.000000
    7.739666    0.008023    0.000000
    8.239666    0.007409    0.000000
    8.739666    0.003592    0.000000
    9.239666    0.000247    0.000000
    9.739666    0.000246    0.000000
   10.239666    0.000245    0.000000
   10.739666    0.000243    0.000000
   11.239666    0.000245    0.000000
   11.739666    0.000243    0.000000
   12.239666    0.000242    0.000000
   12.739666    0.000242    0.000000
   13.239666    0.000241    0.000000
   13.739666    0.000241    0.000000
    0.739666    0.000459    0.000000
    1.239666    0.000456    0.000000
    1.739666    0.000455    0.000000
    2.239666    0.000456    0.000000
    2.739666    0.000454    0.000000
    3.239666    0.000453    0.000000
    3.739666    0.000452    0.000000
    4.239666    0.000450    0.000000
    4.739666    0.000450    0.000000
    5.239666    0.000449    0.000000
    5.739666    0.000447    0.000000
    6.239666    0.000448    0.000000
    6.739666    0.004749    0.000000
    7.239666    0.008617    0.000000
    7.739666    0.008023    0.000000
    8.239666    0.007409    0.000000
    8.739666    0.003592    0.000000
    9.239666    0.000247    0.000000
    9.739666    0.000246    0.000000
   10.239666    0.000245    0.000000
   10.739666    0.000243    0.000000
   11.239666    0.000245    0.000000
   11.739666    0.000243    0.000000
   12.239666    0.000242    0.000000
   12.739666    0.000242    0.000000
   13.239666    0.000241    0.000000
   13.739666    0.000241    0.000000
    0.739778    0.000459    0.000000
    1.239778    0.000456    0.000000
    1.739778    0.000455    0.000000
    2.239778    0.000456    0.000000
    2.739778    0.000454    0.000000
    3.239778    0.000453    0.000000
    3.739778    0.000452    0.000000
    4.239778    0.000450    0.000000
    4.739778    0.000450    0.000000
    5.239778    0.000449    0.000000
    5.739778    0.000447    0.000000
    6.239778    0.000448    0.000000
    6.739778    0.004749    0.000000
    7.239778    0.008617    0.000000
    7.739778    0.008023    0.000000
    8.239778    0.007409    0.000000
    8.739778    0.003592    0.000000
    9.239778    0.000247    0.000000
    9.739778    0.000246    0.000000
   10.239778    0.000245    0.000000
   10.739778    0.000243    0.000000
   11.239778    0.000245    0.000000
   11.739778    0.000243    0.000000
   12.239778    0.000242    0.000000
   12.739778    0.000242    0.000000
   13.239778    0.000241    0.000000
    0.739778    0.000459    0.000000
    1.239778    0.000456    0.000000
    1.739778    0.000455    0.000000
    2.239778    0.000456    0.000000
    2.739778    0.000454    0.000000
    3.239778    0.000453    0.000000
    3.739778    0.000452    0.000000
    4.239778    0.000450    0.000000
    4.739778    0.000450    0.000000
    5.239778    0.000449    0.000000
    5.739778    0.000447    0.000000
    6.239778    0.000448    0.000000
    6.739778    0.004749    0.000000
    7.239778    0.008617    0.000000
    7.739778    0.008023    0.000000
    8.239778    0.007409    0.000000
    8.739778    0.003592    0.000000
    9.239778    0.000247    0.000000
    9.739778    0.000246    0.000000
   10.239778    0.000245    0.000000
   10.739778    0.000243    0.000000
   11.239778    0.000245    0.000000
   11.739778    0.000243    0.000000
   12.239778    0.000242    0.000000
   12.739778    0.000242    0.000000
   13.239778    0.000241    0.000000
    0.739778    0.000459    0.000000
    1.239778    0.000456    0.000000
    1.739778    0.000455    0.000000
    2.239778    0.000456    0.000000
    2.739778    0.000454    0.000000
    3.239778    0.000453    0.000000
    3.739778    0.000452    0.000000
    4.239778    0.000450    0.000000
    4.739778    0.000450    0.000000
    5.239778    0.000449    0.000000
    5.739778    0.000447    0.000000
    6.239778    0.000448    0.000000
    6.739778    0.004749    0.000000
    7.239778    0.008617    0.000000
    7.739778    0.008023    0.000000
    8.239778    0.007409    0.000000
    8.739778    0.003592    0.000000
    9.239778    0.000247    0.000000
    9.739778    0.000246    0.000000
   10.239778    0.000245    0.000000
   10.739778    0.000243    0.000000
   11.239778    0.000245    0.000000
   11.739778    0.000243    0.000000
   12.239778    0.000242    0.000000
   12.739778    0.000242    0.000000
   13.239778    0.000241    0.000000
    0.739964    0.000459    0.000000
    1.239964    0.000456    0.000000
    1.739964    0.000455    0.000000
    2.239964    0.000456    0.000000
    2.739964    0.000454    0.000000
    3.239964    0.000453    0.000000
    3.739964    0.000452    0.000000
    4.239964    0.000450    0.000000
    4.739964    0.000450    0.000000
    5.239964    0.000449    0.000000
    5.739964    0.000447    0.000000
    6.239964    0.000448    0.000000
    6.739964    0.004749    0.000000
    7.239964    0.008617    0.000000
    7.739964    0.008023    0.000000
    8.239964    0.007409    0.000000
    8.739964    0.003592    0.000000
    9.239964    0.000247    0.000000
    9.739964    0.000246    0.000000
   10.239964    0.000245    0.000000
   10.739964    0.000243    0.000000
   11.239964    0.000245    0.000000
   11.739964    0.000243    0.000000
   12.239964    0.000242    0.000000
    0.739964    0.000459    0.000000
    1.239964    0.000456    0.000000
    1.739964    0.000455    0.000000
    2.239964    0.000456    0.000000
    2.739964    0.000454    0.000000
    3.239964    0.000453    0.000000
    3.739964    0.000452    0.000000
    4.239964    0.000450    0.000000
    4.739964    0.000450    0.000000
    5.239964    0.000449    0.000000
    5.739964    0.000447    0.000000
    6.239964    0.000448    0.000000
    6.739964    0.004749    0.000000
    7.239964    0.008617    0.000000
    7.739964    0.008023    0.000000
    8.239964    0.007409    0.000000
    8.739964    0.003592    0.000000
    9.239964    0.000247    0.000000
    9.739964    0.000246    0.000000
   10.239964    0.000245    0.000000
   10.739964    0.000243    0.000000
   11.239964    0.000245    0.000000
   11.739964    0.000243    0.000000
   12.239964    0.000242    0.000000
    0.739964    0.000459    0.000000
    1.239964    0.000456    0.000000
    1.739964    0.000455    0.000000
    2.239964    0.000456    0.000000
    2.739964    0.000454    0.000000
    3.239964    0.000453    0.000000
    3.739964    0.000452    0.000000
    4.239964    0.000450    0.000000
    4.739964    0.000450    0.000000
    5.239964    0.000449    0.000000
    5.739964    0.000447    0.000000
    6.239964    0.000448    0.000000
    6.739964    0.004749    0.000000
    7.239964    0.008617    0.000000
    7.739964    0.008023    0.000000
    8.239964    0.007409    0.000000
    8.739964    0.003592    0.000000
    9.239964    0.000247    0.000000
    9.739964    0.000246    0.000000
   10.239964    0.000245    0.000000
   10.739964    0.000243    0.000000
   11.239964    0.000245    0.000000
   11.739964    0.000243    0.000000
   12.239964    0.000242    0.000000
    0.740096    0.000459    0.000000
    1.240096    0.000456    0.000000
    1.740096    0.000455    0.000000
    2.240096    0.000456    0.000000
    2.740096    0.000454    0.000000
    3.240096    0.000453    0.000000
    3.740096    0.000452    0.000000
    4.240096    0.000450    0.000000
    4.740096    0.000450    0.000000
    5.240096    0.000449    0.000000
    5.740096    0.000447    0.000000
    6.240096    0.000448    0.000000
    6.740096    0.004749    0.000000
    7.240096    0.008617    0.000000
    7.740096    0.008023    0.000000
    8.240096    0.007409    0.000000
    8.740096    0.003592    0.000000
    9.240096    0.000247    0.000000
    9.740096    0.000246    0.000000
   10.240096    0.000245    0.000000
   10.740096    0.000243    0.000000
   11.240096    0.000245    0.000000
   11.740096    0.000243    0.000000
    0.740096    0.000459    0.000000
    1.240096    0.000456    0.000000
    1.740096    0.000455    0.000000
    2.240096    0.000456    0.000000
    2.740096    0.000454    0.000000
    3.240096    0.000453    0.000000
    3.740096    0.000452    0.000000
    4.240096    0.000450    0.000000
    4.740096    0.000450    0.000000
    5.240096    0.000449    0.000000
    5.740096    0.000447    0.000000
    6.240096    0.000448    0.000000
    6.740096    0.004749    0.000000
    7.240096    0.008617    0.000000
    7.740096    0.008023    0.000000
    8.240096    0.007409    0.000000
    8.740096    0.003592    0.000000
    9.240096    0.000247    0.000000
    9.740096    0.000246    0.000000
   10.240096    0.000245    0.000000
   10.740096    0.000243    0.000000
   11.240096    0.000245    0.000000
   11.740096    0.000243    0.000000
    0.740096    0.000459    0.000000
    1.240096    0.000456    0.000000
    1.740096    0.000455    0.000000
    2.240096    0.000456    0.000000
    2.740096    0.000454    0.000000
    3.240096    0.000453    0.000000
    3.740096    0.000452    0.000000
    4.240096    0.000450    0.000000
    4.740096    0.000450    0.000000
    5.240096    0.000449    0.000000
    5.740096    0.000447    0.000000
    6.240096    0.000448    0.000000
    6.740096    0.004749    0.000000
    7.240096    0.008617    0.000000
    7.740096    0.008023    0.000000
    8.240096    0.007409    0.000000
    8.740096    0.003592    0.000000
    9.240096    0.000247    0.000000
    9.740096    0.000246    0.000000
   10.240096    0.000245    0.000000
   10.740096    0.000243    0.000000
   11.240096    0.000245    0.000000
   11.740096    0.000243    0.000000
    0.740405    0.000459    0.000000
    1.240405    0.000456    0.000000
    1.740405    0.000455    0.000000
    2.240405    0.000456    0.000000
    2.740405    0.000454    0.000000
    3.240405    0.000453    0.000000
    3.740405    0.000452    0.000000
    4.240405    0.000450    0.000000
    4.740405    0.000450    0.000000
    5.240405    0.000449    0.000000
    5.740405    0.000447    0.000000
    6.240405    0.000448    0.000000
    6.740405    0.004749    0.000000
    7.240405    0.008617    0.000000
    7.740405    0.008023    0.000000
    8.240405    0.007409    0.000000
    8.740405    0.003592    0.000000
    9.240405    0.000247    0.000000
    9.740405    0.000246    0.000000
   10.240405    0.000245    0.000000
   10.740405    0.000243    0.000000
   11.240405    0.000245    0.000000
    0.740405    0.000459    0.000000
    1.240405    0.000456    0.000000
    1.740405    0.000455    0.000000
    2.240405    0.000456    0.000000
    2.740405    0.000454    0.000000
    3.240405    0.000453    0.000000
    3.740405    0.000452    0.000000
    4.240405    0.000450    0.000000
    4.740405    0.000450    0.000000
    5.240405    0.000449    0.000000
    5.740405    0.000447    0.000000
    6.240405    0.000448    0.000000
    6.740405    0.004749    0.000000
    7.240405    0.008617    0.000000
    7.740405    0.008023    0.000000
    8.240405    0.007409    0.000000
    8.740405    0.003592    0.000000
    9.240405    0.000247    0.000000
    9.740405    0.000246    0.000000
   10.240405    0.000245    0.000000
   10.740405    0.000243    0.000000
   11.240405    0.000245    0.000000
    0.740405    0.000459    0.000000
    1.240405    0.000456    0.000000
    1.740405    0.000455    0.000000
    2.240405    0.000456    0.000000
    2.740405    0.000454    0.000000
    3.240405    0.000453    0.000000
    3.740405    0.000452    0.000000
    4.240405    0.000450    0.000000
    4.740405    0.000450    0.000000
    5.240405    0.000449    0.000000
    5.740405    0.000447    0.000000
    6.240405    0.000448    0.000000
    6.740405    0.004749    0.000000
    7.240405    0.008617    0.000000
    7.740405    0.008023    0.000000
    8.240405    0.007409    0.000000
    8.740405    0.003592    0.000000
    9.240405    0.000247    0.000000
    9.740405    0.000246    0.000000
   10.240405    0.000245    0.000000
   10.740405    0.000243    0.000000
   11.240405    0.000245    0.000000
    0.741576    0.000459    0.000000
    1.241576    0.000456    0.000000
    1.741576    0.000455    0.000000
    2.241576    0.000456    0.000000
    2.741576    0.000454    0.000000
    3.241576    0.000453    0.000000
    3.741576    0.000452    0.000000
    4.241576    0.000450    0.000000
    4.741576    0.000450    0.000000
    5.241576    0.000449    0.000000
    5.741576    0.000447    0.000000
    6.241576    0.000448    0.000000
    6.741576    0.004749    0.000000
    7.241576    0.008617    0.000000
    7.741576    0.008023    0.000000
    8.241576    0.007409    0.000000
    8.741576    0.003592    0.000000
    9.241576    0.000247    0.000000
    9.741576    0.000246    0.000000
   10.241576    0.000245    0.000000
   10.741576    0.000243    0.000000
   11.241576    0.000245    0.000000
    0.741576    0.000459    0.000000
    1.241576    0.000456    0.000000
    1.741576    0.000455    0.000000
    2.241576    0.000456    0.000000
    2.741576    0.000454    0.000000
    3.241576    0.000453    0.000000
    3.741576    0.000452    0.000000
    4.241576    0.000450    0.000000
    4.741576    0.000450    0.000000
    5.241576    0.000449    0.000000
    5.741576    0.000447    0.000000
    6.241576    0.000448    0.000000
    6.741576    0.004749    0.000000
    7.241576    0.008617    0.000000
    7.741576    0.008023    0.000000
    8.241576    0.007409    0.000000
    8.741576    0.003592    0.000000
    9.241576    0.000247    0.000000
    9.741576    0.000246    0.000000
   10.241576    0.000245    0.000000
   10.741576    0.000243    0.000000
   11.241576    0.000245    0.000000
    0.741576    0.000459    0.000000
    1.241576    0.000456    0.000000
    1.741576    0.000455    0.000000
    2.241576    0.000456    0.000000
    2.741576    0.000454    0.000000
    3.241576    0.000453    0.000000
    3.741576    0.000452    0.000000
    4.241576    0.000450    0.000000
    4.741576    0.000450    0.000000
    5.241576    0.000449    0.000000
    5.741576    0.000447    0.000000
    6.241576    0.000448    0.000000
    6.741576    0.004749    0.000000
    7.241576    0.008617    0.000000
    7.741576    0.008023    0.000000
    8.241576    0.007409    0.000000
    8.741576    0.003592    0.000000
    9.241576    0.000247    0.000000
    9.741576    0.000246    0.000000
   10.241576    0.000245    0.000000
   10.741576    0.000243    0.000000
   11.241576    0.000245    0.000000
    0.723929    0.000400    0.000000
    1.223929    0.000474    0.000000
    1.723929    0.000458    0.000000
    2.223929    0.000454    0.000000
    2.723929    0.000454    0.000000
    3.223929    0.000453    0.000000
    3.723929    0.000453    0.000000
    4.223929    0.000449    0.000000
    4.723929    0.000440    0.000000
    5.223929    0.000446    0.000000
    5.723929    0.000446    0.000000
    6.223929    0.000497    0.000000
    6.723929    0.003886    0.000000
    7.223929    0.008563    0.000000
    7.723929    0.008237    0.000000
    8.223929    0.007646    0.000000
    8.723929    0.003975    0.000000
    9.223929    0.000404    0.000000
    9.723929    0.000245    0.000000
   10.223929    0.000218    0.000000
   10.723929    0.000514    0.000000
   11.223929    0.000535    0.000000
    0.723929    0.000400    0.000000
    1.223929    0.000474    0.000000
    1.723929    0.000458    0.000000
    2.223929    0.000454    0.000000
    2.723929    0.000454    0.000000
    3.223929    0.000453    0.000000
    3.723929    0.000453    0.000000
    4.223929    0.000449    0.000000
    4.723929    0.000440    0.000000
    5.223929    0.000446    0.000000
    5.723929    0.000446    0.000000
    6.223929    0.000497    0.000000
    6.723929    0.003886    0.000000
    7.223929    0.008563    0.000000
    7.723929    0.008237    0.000000
    8.223929    0.007646    0.000000
    8.723929    0.003975    0.000000
    9.223929    0.000404    0.000000
    9.723929    0.000245    0.000000
   10.223929    0.000218    0.000000
   10.723929    0.000514    0.000000
   11.223929    0.000535    0.000000
    0.723929    0.000400    0.000000
    1.223929    0.000474    0.000000
    1.723929    0.000458    0.000000
    2.223929    0.000454    0.000000
    2.723929    0.000454    0.000000
    3.223929    0.000453    0.000000
    3.723929    0.000453    0.000000
    4.223929    0.000449    0.000000
    4.723929    0.000440    0.000000
    5.223929    0.000446    0.000000
    5.723929    0.000446    0.000000
    6.223929    0.000497    0.000000
    6.723929    0.003886    0.000000
    7.223929    0.008563    0.000000
    7.723929    0.008237    0.000000
    8.223929    0.007646    0.000000
    8.723929    0.003975    0.000000
    9.223929    0.000404    0.000000
    9.723929    0.000245    0.000000
   10.223929    0.000218    0.000000
   10.723929    0.000514    0.000000
   11.223929    0.000535    0.000000
    0.721581    0.000400    0.000000
    1.221581    0.000474    0.000000
    1.721581    0.000458    0.000000
    2.221581    0.000454    0.000000
    2.721581    0.000454    0.000000
    3.221581    0.000453    0.000000
    3.721581    0.000453    0.000000
    4.221581    0.000449    0.000000
    4.721581    0.000440    0.000000
    5.221581    0.000446    0.000000
    5.721581    0.000446    0.000000
    6.221581    0.000497    0.000000
    6.721581    0.003886    0.000000
    7.221581    0.008563    0.000000
    7.721581    0.008237    0.000000
    8.221581    0.007646    0.000000
    8.721581    0.003975    0.000000
    9.221581    0.000404    0.000000
    9.721581    0.000245    0.000000
   10.221581    0.000218    0.000000
   10.721581    0.000514    0.000000
   11.221581    0.000535    0.000000
   11.721581    0.000035    0.000000
    0.721581    0.000400    0.000000
    1.221581    0.000474    0.000000
    1.721581    0.000458    0.000000
    2.221581    0.000454    0.000000
    2.721581    0.000454    0.000000
    3.221581    0.000453    0.000000
    3.721581    0.000453    0.000000
    4.221581    0.000449    0.000000
    4.721581    0.000440    0.000000
    5.221581    0.000446    0.000000
    5.721581    0.000446    0.000000
    6.221581    0.000497    0.000000
    6.721581    0.003886    0.000000
    7.221581    0.008563    0.000000
    7.721581    0.008237    0.000000
    8.221581    0.007646    0.000000
    8.721581    0.003975    0.000000
    9.221581    0.000404    0.000000
    9.721581    0.000245    0.000000
   10.221581    0.000218    0.000000
   10.721581    0.000514    0.000000
   11.221581    0.000535    0.000000
   11.721581    0.000035    0.000000
    0.721581    0.000400    0.000000
    1.221581    0.000474    0.000000
    1.721581    0.000458    0.000000
    2.221581    0.000454    0.000000
    2.721581    0.000454    0.000000
    3.221581    0.000453    0.000000
    3.721581    0.000453    0.000000
    4.221581    0.000449    0.000000
    4.721581    0.000440    0.000000
    5.221581    0.000446    0.000000
    5.721581    0.000446    0.000000
    6.221581    0.000497    0.000000
    6.721581    0.003886    0.000000
    7.221581    0.008563    0.000000
    7.721581    0.008237    0.000000
    8.221581    0.007646    0.000000
    8.721581    0.003975    0.000000
    9.221581    0.000404    0.000000
    9.721581    0.000245    0.000000
   10.221581    0.000218    0.000000
   10.721581    0.000514    0.000000
   11.221581    0.000535    0.000000
   11.721581    0.000035    0.000000
    0.719611    0.000400    0.000000
    1.219611    0.000474    0.000000
    1.719611    0.000458    0.000000
    2.219611    0.000454    0.000000
    2.719611    0.000454    0.000000
    3.219611    0.000453    0.000000
    3.719611    0.000453    0.000000
    4.219611    0.000449    0.000000
    4.719611    0.000440    0.000000
    5.219611    0.000446    0.000000
    5.719611    0.000446    0.000000
    6.219611    0.000497    0.000000
    6.719611    0.003886    0.000000
    7.219611    0.008563    0.000000
    7.719611    0.008237    0.000000
    8.219611    0.007646    0.000000
    8.719611    0.003975    0.000000
    9.219611    0.000404    0.000000
    9.719611    0.000245    0.000000
   10.219611    0.000218    0.000000
   10.719611    0.000514    0.000000
   11.219611    0.000535    0.000000
   11.719611    0.000035    0.000000
   12.219611    0.000050    0.000000
    0.719611    0.000400    0.000000
    1.219611    0.000474    0.000000
    1.719611    0.000458    0.000000
    2.219611    0.000454    0.000000
    2.719611    0.000454    0.000000
    3.219611    0.000453    0.000000
    3.719611    0.000453    0.000000
    4.219611    0.000449    0.000000
    4.719611    0.000440    0.000000
    5.219611    0.000446    0.000000
    5.719611    0.000446    0.000000
    6.219611    0.000497    0.000000
    6.719611    0.003886    0.000000
    7.219611    0.008563    0.000000
    7.719611    0.008237    0.000000
    8.219611    0.007646    0.000000
    8.719611    0.003975    0.000000
    9.219611    0.000404    0.000000
    9.719611    0.000245    0.000000
   10.219611    0.000218    0.000000
   10.719611    0.000514    0.000000
   11.219611    0.000535    0.000000
   11.719611    0.000035    0.000000
   12.219611    0.000050    0.000000
    0.719611    0.000400    0.000000
    1.219611    0.000474    0.000000
    1.719611    0.000458    0.000000
    2.219611    0.000454    0.000000
    2.719611    0.000454    0.000000
    3.219611    0.000453    0.000000
    3.719611    0.000453    0.000000
    4.219611    0.000449    0.000000
    4.719611    0.000440    0.000000
    5.219611    0.000446    0.000000
    5.719611    0.000446    0.000000
    6.219611    0.000497    0.000000
    6.719611    0.003886    0.000000
    7.219611    0.008563    0.000000
    7.719611    0.008237    0.000000
    8.219611    0.007646    0.000000
    8.719611    0.003975    0.000000
    9.219611    0.000404    0.000000
    9.719611    0.000245    0.000000
   10.219611    0.000218    0.000000
   10.719611    0.000514    0.000000
   11.219611    0.000535    0.000000
   11.719611    0.000035    0.000000
   12.219611    0.000050    0.000000
    0.718419    0.000400    0.000000
    1.218419    0.000474    0.000000
    1.718419    0.000458    0.000000
    2.218419    0.000454    0.000000
    2.718419    0.000454    0.000000
    3.218419    0.000453    0.000000
    3.718419    0.000453    0.000000
    4.218419    0.000449    0.000000
    4.718419    0.000440    0.000000
    5.218419    0.000446    0.000000
    5.718419    0.000446    0.000000
    6.218419    0.000497    0.000000
    6.718419    0.003886    0.000000
    7.218419    0.008563    0.000000
    7.718419    0.008237    0.000000
    8.218419    0.007646    0.000000
    8.718419    0.003975    0.000000
    9.218419    0.000404    0.000000
    9.718419    0.000245    0.000000
   10.218419    0.000218    0.000000
   10.718419    0.000514    0.000000
   11.218419    0.000535    0.000000
   11.718419    0.000035    0.000000
   12.218419    0.000050    0.000000
   12.718419    0.000049    0.000000
   13.218419    0.000044    0.000000
    0.718419    0.000400    0.000000
    1.218419    0.000474    0.000000
    1.718419    0.000458    0.000000
    2.218419    0.000454    0.000000
    2.718419    0.000454    0.000000
    3.218419    0.000453    0.000000
    3.718419    0.000453    0.000000
    4.218419    0.000449    0.000000
    4.718419    0.000440    0.000000
    5.218419    0.000446    0.000000
    5.718419    0.000446    0.000000
    6.218419    0.000497    0.000000
    6.718419    0.003886    0.000000
    7.218419    0.008563    0.000000
    7.718419    0.008237    0.000000
    8.218419    0.007646    0.000000
    8.718419    0.003975    0.000000
    9.218419    0.000404    0.000000
    9.718419    0.000245    0.000000
   10.218419    0.000218    0.000000
   10.718419    0.000514    0.000000
   11.218419    0.000535    0.000000
   11.718419    0.000035    0.000000
   12.218419    0.000050    0.000000
   12.718419    0.000049    0.000000
   13.218419    0.000044    0.000000
    0.718419    0.000400    0.000000
    1.218419    0.000474    0.000000
    1.718419    0.000458    0.000000
    2.218419    0.000454    0.000000
    2.718419    0.000454    0.000000
    3.218419    0.000453    0.000000
    3.718419    0.000453    0.000000
    4.218419    0.000449    0.000000
    4.718419    0.000440    0.000000
    5.218419    0.000446    0.000000
    5.718419    0.000446    0.000000
    6.218419    0.000497    0.000000
    6.718419    0.003886    0.000000
    7.218419    0.008563    0.000000
    7.718419    0.008237    0.000000
    8.218419    0.007646    0.000000
    8.718419    0.003975    0.000000
    9.218419    0.000404    0.000000
    9.718419    0.000245    0.000000
   10.218419    0.000218    0.000000
   10.718419    0.000514    0.000000
   11.218419    0.000535    0.000000
   11.718419    0.000035    0.000000
   12.218419    0.000050    0.000000
   12.718419    0.000049    0.000000
   13.218419    0.000044    0.000000
    0.719310    0.000400    0.000000
    1.219310    0.000474    0.000000
    1.719310    0.000458    0.000000
    2.219310    0.000454    0.000000
    2.719310    0.000454    0.000000
    3.219310    0.000453    0.000000
    3.719310    0.000453    0.000000
    4.219310    0.000449    0.000000
    4.719310    0.000440    0.000000
    5.219310    0.000446    0.000000
    5.719310    0.000446    0.000000
    6.219310    0.000497    0.000000
    6.719310    0.003886    0.000000
    7.219310    0.008563    0.000000
    7.719310    0.008237    0.000000
    8.219310    0.007646    0.000000
    8.719310    0.003975    0.000000
    9.219310    0.000404    0.000000
    9.719310    0.000245    0.000000
   10.219310    0.000218    0.000000
   10.719310    0.000514    0.000000
   11.219310    0.000535    0.000000
   11.719310    0.000035    0.000000
   12.219310    0.000050    0.000000
   12.719310    0.000049    0.000000
   13.219310    0.000044    0.000000
   13.719310    0.000055    0.000000
    0.719310    0.000400    0.000000
    1.219310    0.000474    0.000000
    1.719310    0.000458    0.000000
    2.219310    0.000454    0.000000
    2.719310    0.000454    0.000000
    3.219310    0.000453    0.000000
    3.719310    0.000453    0.000000
    4.219310    0.000449    0.000000
    4.719310    0.000440    0.000000
    5.219310    0.000446    0.000000
    5.719310    0.000446    0.000000
    6.219310    0.000497    0.000000
    6.719310    0.003886    0.000000
    7.219310    0.008563    0.000000
    7.719310    0.008237    0.000000
    8.219310    0.007646    0.000000
    8.719310    0.003975    0.000000
    9.219310    0.000404    0.000000
    9.719310    0.000245    0.000000
   10.219310    0.000218    0.000000
   10.719310    0.000514    0.000000
   11.219310    0.000535    0.000000
   11.719310    0.000035    0.000000
   12.219310    0.000050    0.000000
   12.719310    0.000049    0.000000
   13.219310    0.000044    0.000000
   13.719310    0.000055    0.000000
    0.719310    0.000400    0.000000
    1.219310    0.000474    0.000000
    1.719310    0.000458    0.000000
    2.219310    0.000454    0.000000
    2.719310    0.000454    0.000000
    3.219310    0.000453    0.000000
    3.719310    0.000453    0.000000
    4.219310    0.000449    0.000000
    4.719310    0.000440    0.000000
    5.219310    0.000446    0.000000
    5.719310    0.000446    0.000000
    6.219310    0.000497    0.000000
    6.719310    0.003886    0.000000
    7.219310    0.008563    0.000000
    7.719310    0.008237    0.000000
    8.219310    0.007646    0.000000
    8.719310    0.003975    0.000000
    9.219310    0.000404    0.000000
    9.719310    0.000245    0.000000
   10.219310    0.000218    0.000000
   10.719310    0.000514    0.000000
   11.219310    0.000535    0.000000
   11.719310    0.000035    0.000000
   12.219310    0.000050    0.000000
   12.719310    0.000049    0.000000
   13.219310    0.000044    0.000000
   13.719310    0.000055    0.000000
    0.718293    0.000400    0.000000
    1.218293    0.000474    0.000000
    1.718293    0.000458    0.000000
    2.218293    0.000454    0.000000
    2.718293    0.000454    0.000000
    3.218293    0.000453    0.000000
    3.718293    0.000453    0.000000
    4.218293    0.000449    0.000000
    4.718293    0.000440    0.000000
    5.218293    0.000446    0.000000
    5.718293    0.000446    0.000000
    6.218293    0.000497    0.000000
    6.718293    0.003886    0.000000
    7.218293    0.008563    0.000000
    7.718293    0.008237    0.000000
    8.218293    0.007646    0.000000
    8.718293    0.003975    0.000000
    9.218293    0.000404    0.000000
    9.718293    0.000245    0.000000
   10.218293    0.000218    0.000000
   10.718293    0.000514    0.000000
   11.218293    0.000535    0.000000
   11.718293    0.000035    0.000000
   12.218293    0.000050    0.000000
   12.718293    0.000049    0.000000
   13.218293    0.000044    0.000000
    0.718293    0.000400    0.000000
    1.218293    0.000474    0.000000
    1.718293    0.000458    0.000000
    2.218293    0.000454    0.000000
    2.718293    0.000454    0.000000
    3.218293    0.000453    0.000000
    3.718293    0.000453    0.000000
    4.218293    0.000449    0.000000
    4.718293    0.000440    0.000000
    5.218293    0.000446    0.000000
    5.718293    0.000446    0.000000
    6.218293    0.000497    0.000000
    6.718293    0.003886    0.000000
    7.218293    0.008563    0.000000
    7.718293    0.008237    0.000000
    8.218293    0.007646    0.000000
    8.718293    0.003975    0.000000
    9.218293    0.000404    0.000000
    9.718293    0.000245    0.000000
   10.218293    0.000218    0.000000
   10.718293    0.000514    0.000000
   11.218293    0.000535    0.000000
   11.718293    0.000035    0.000000
   12.218293    0.000050    0.000000
   12.718293    0.000049    0.000000
   13.218293    0.000044    0.000000
    0.718293    0.000400    0.000000
    1.218293    0.000474    0.000000
    1.718293    0.000458    0.000000
    2.218293    0.000454    0.000000
    2.718293    0.000454    0.000000
    3.218293    0.000453    0.000000
    3.718293    0.000453    0.000000
    4.218293    0.000449    0.000000
    4.718293    0.000440    0.000000
    5.218293    0.000446    0.000000
    5.718293    0.000446    0.000000
    6.218293    0.000497    0.000000
    6.718293    0.003886    0.000000
    7.218293    0.008563    0.000000
    7.718293    0.008237    0.000000
    8.218293    0.007646    0.000000
    8.718293    0.003975    0.000000
    9.218293    0.000404    0.000000
    9.718293    0.000245    0.000000
   10.218293    0.000218    0.000000
   10.718293    0.000514    0.000000
   11.218293    0.000535    0.000000
   11.718293    0.000035    0.000000
   12.218293    0.000050    0.000000
   12.718293    0.000049    0.000000
   13.218293    0.000044    0.000000
    0.721281    0.000400    0.000000
    1.221281    0.000474    0.000000
    1.721281    0.000458    0.000000
    2.221281    0.000454    0.000000
    2.721281    0.000454    0.000000
    3.221281    0.000453    0.000000
    3.721281    0.000453    0.000000
    4.221281    0.000449    0.000000
    4.721281    0.000440    0.000000
    5.221281    0.000446    0.000000
    5.721281    0.000446    0.000000
    6.221281    0.000497    0.000000
    6.721281    0.003886    0.000000
    7.221281    0.008563    0.000000
    7.721281    0.008237    0.000000
    8.221281    0.007646    0.000000
    8.721281    0.003975    0.000000
    9.221281    0.000404    0.000000
    9.721281    0.000245    0.000000
   10.221281    0.000218    0.000000
   10.721281    0.000514    0.000000
   11.221281    0.000535    0.000000
   11.721281    0.000035    0.000000
   12.221281    0.000050    0.000000
    0.721281    0.000400    0.000000
    1.221281    0.000474    0.000000
    1.721281    0.000458    0.000000
    2.221281    0.000454    0.000000
    2.721281    0.000454    0.000000
    3.221281    0.000453    0.000000
    3.721281    0.000453    0.000000
    4.221281    0.000449    0.000000
    4.721281    0.000440    0.000000
    5.221281    0.000446    0.000000
    5.721281    0.000446    0.000000
    6.221281    0.000497    0.000000
    6.721281    0.003886    0.000000
    7.221281    0.008563    0.000000
    7.721281    0.008237    0.000000
    8.221281    0.007646    0.000000
    8.721281    0.003975    0.000000
    9.221281    0.000404    0.000000
    9.721281    0.000245    0.000000
   10.221281    0.000218    0.000000
   10.721281    0.000514    0.000000
   11.221281    0.000535    0.000000
   11.721281    0.000035    0.000000
   12.221281    0.000050    0.000000
    0.721281    0.000400    0.000000
    1.221281    0.000474    0.000000
    1.721281    0.000458    0.000000
    2.221281    0.000454    0.000000
    2.721281    0.000454    0.000000
    3.221281    0.000453    0.000000
    3.721281    0.000453    0.000000
    4.221281    0.000449    0.000000
    4.721281    0.000440    0.000000
    5.221281    0.000446    0.000000
    5.721281    0.000446    0.000000
    6.221281    0.000497    0.000000
    6.721281    0.003886    0.000000
    7.221281    0.008563    0.000000
    7.721281    0.008237    0.000000
    8.221281    0.007646    0.000000
    8.721281    0.003975    0.000000
    9.221281    0.000404    0.000000
    9.721281    0.000245    0.000000
   10.221281    0.000218    0.000000
   10.721281    0.000514    0.000000
   11.221281    0.000535    0.000000
   11.721281    0.000035    0.000000
   12.221281    0.000050    0.000000
    0.724442    0.000400    0.000000
    1.224442    0.000474    0.000000
    1.724442    0.000458    0.000000
    2.224442    0.000454    0.000000
    2.724442    0.000454    0.000000
    3.224442    0.000453    0.000000
    3.724442    0.000453    0.000000
    4.224442    0.000449    0.000000
    4.724442    0.000440    0.000000
    5.224442    0.000446    0.000000
    5.724442    0.000446    0.000000
    6.224442    0.000497    0.000000
    6.724442    0.003886    0.000000
    7.224442    0.008563    0.000000
    7.724442    0.008237    0.000000
    8.224442    0.007646    0.000000
    8.724442    0.003975    0.000000
    9.224442    0.000404    0.000000
    9.724442    0.000245    0.000000
   10.224442    0.000218    0.000000
   10.724442    0.000514    0.000000
   11.224442    0.000535    0.000000
   11.724442    0.000035    0.000000
    0.724442    0.000400    0.000000
    1.224442    0.000474    0.000000
    1.724442    0.000458    0.000000
    2.224442    0.000454    0.000000
    2.724442    0.000454    0.000000
    3.224442    0.000453    0.000000
    3.724442    0.000453    0.000000
    4.224442    0.000449    0.000000
    4.724442    0.000440    0.000000
    5.224442    0.000446    0.000000
    5.724442    0.000446    0.000000
    6.224442    0.000497    0.000000
    6.724442    0.003886    0.000000
    7.224442    0.008563    0.000000
    7.724442    0.008237    0.000000
    8.224442    0.007646    0.000000
    8.724442    0.003975    0.000000
    9.224442    0.000404    0.000000
    9.724442    0.000245    0.000000
   10.224442    0.000218    0.000000
   10.724442    0.000514    0.000000
   11.224442    0.000535    0.000000
   11.724442    0.000035    0.000000
    0.724442    0.000400    0.000000
    1.224442    0.000474    0.000000
    1.724442    0.000458    0.000000
    2.224442    0.000454    0.000000
    2.724442    0.000454    0.000000
    3.224442    0.000453    0.000000
    3.724442    0.000453    0.000000
    4.224442    0.000449    0.000000
    4.724442    0.000440    0.000000
    5.224442    0.000446    0.000000
    5.724442    0.000446    0.000000
    6.224442    0.000497    0.000000
    6.724442    0.003886    0.000000
    7.224442    0.008563    0.000000
    7.724442    0.008237    0.000000
    8.224442    0.007646    0.000000
    8.724442    0.003975    0.000000
    9.224442    0.000404    0.000000
    9.724442    0.000245    0.000000
   10.224442    0.000218    0.000000
   10.724442    0.000514    0.000000
   11.224442    0.000535    0.000000
   11.724442    0.000035    0.000000
    0.723855    0.000400    0.000000
    1.223855    0.000474    0.000000
    1.723855    0.000458    0.000000
    2.223855    0.000454    0.000000
    2.723855    0.000454    0.000000
    3.223855    0.000453    0.000000
    3.723855    0.000453    0.000000
    4.223855    0.000449    0.000000
    4.723855    0.000440    0.000000
    5.223855    0.000446    0.000000
    5.723855    0.000446    0.000000
    6.223855    0.000497    0.000000
    6.723855    0.003886    0.000000
    7.223855    0.008563    0.000000
    7.723855    0.008237    0.000000
    8.223855    0.007646    0.000000
    8.723855    0.003975    0.000000
    9.223855    0.000404    0.000000
    9.723855    0.000245    0.000000
   10.223855    0.000218    0.000000
   10.723855    0.000514    0.000000
   11.223855    0.000535    0.000000
    0.723855    0.000400    0.000000
    1.223855    0.000474    0.000000
    1.723855    0.000458    0.000000
    2.223855    0.000454    0.000000
    2.723855    0.000454    0.000000
    3.223855    0.000453    0.000000
    3.723855    0.000453    0.000000
    4.223855    0.000449    0.000000
    4.723855    0.000440    0.000000
    5.223855    0.000446    0.000000
    5.723855    0.000446    0.000000
    6.223855    0.000497    0.000000
    6.723855    0.003886    0.000000
    7.223855    0.008563    0.000000
    7.723855    0.008237    0.000000
    8.223855    0.007646    0.000000
    8.723855    0.003975    0.000000
    9.223855    0.000404    0.000000
    9.723855    0.000245    0.000000
   10.223855    0.000218    0.000000
   10.723855    0.000514    0.000000
   11.223855    0.000535    0.000000
    0.723855    0.000400    0.000000
    1.223855    0.000474    0.000000
    1.723855    0.000458    0.000000
    2.223855    0.000454    0.000000
    2.723855    0.000454    0.000000
    3.223855    0.000453    0.000000
    3.723855    0.000453    0.000000
    4.223855    0.000449    0.000000
    4.723855    0.000440    0.000000
    5.223855    0.000446    0.000000
    5.723855    0.000446    0.000000
    6.223855    0.000497    0.000000
    6.723855    0.003886    0.000000
    7.223855    0.008563    0.000000
    7.723855    0.008237    0.000000
    8.223855    0.007646    0.000000
    8.723855    0.003975    0.000000
    9.223855    0.000404    0.000000
    9.723855    0.000245    0.000000
   10.223855    0.000218    0.000000
   10.723855    0.000514    0.000000
   11.223855    0.000535    0.000000
    0.724212    0.000400    0.000000
    1.224212    0.000474    0.000000
    1.724212    0.000458    0.000000
    2.224212    0.000454    0.000000
    2.724212    0.000454    0.000000
    3.224212    0.000453    0.000000
    3.724212    0.000453    0.000000
    4.224212    0.000449    0.000000
    4.724212    0.000440    0.000000
    5.224212    0.000446    0.000000
    5.724212    0.000446    0.000000
    6.224212    0.000497    0.000000
    6.724212    0.003886    0.000000
    7.224212    0.008563    0.000000
    7.724212    0.008237    0.000000
    8.224212    0.007646    0.000000
    8.724212    0.003975    0.000000
    9.224212    0.000404    0.000000
    9.724212    0.000245    0.000000
   10.224212    0.000218    0.000000
   10.724212    0.000514    0.000000
   11.224212    0.000535    0.000000
    0.724212    0.000400    0.000000
    1.224212    0.000474    0.000000
    1.724212    0.000458    0.000000
    2.224212    0.000454    0.000000
    2.724212    0.000454    0.000000
    3.224212    0.000453    0.000000
    3.724212    0.000453    0.000000
    4.224212    0.000449    0.000000
    4.724212    0.000440    0.000000
    5.224212    0.000446    0.000000
    5.724212    0.000446    0.000000
    6.224212    0.000497    0.000000
    6.724212    0.003886    0.000000
    7.224212    0.008563    0.000000
    7.724212    0.008237    0.000000
    8.224212    0.007646    0.000000
    8.724212    0.003975    0.000000
    9.224212    0.000404    0.000000
    9.724212    0.000245    0.000000
   10.224212    0.000218    0.000000
   10.724212    0.000514    0.000000
   11.224212    0.000535    0.000000
    0.724212    0.000400    0.000000
    1.224212    0.000474    0.000000
    1.724212    0.000458    0.000000
    2.224212    0.000454    0.000000
    2.724212    0.000454    0.000000
    3.224212    0.000453    0.000000
    3.724212    0.000453    0.000000
    4.224212    0.000449    0.000000
    4.724212    0.000440    0.000000
    5.224212    0.000446    0.000000
    5.724212    0.000446    0.000000
    6.224212    0.000497    0.000000
    6.724212    0.003886    0.000000
    7.224212    0.008563    0.000000
    7.724212    0.008237    0.000000
    8.224212    0.007646    0.000000
    8.724212    0.003975    0.000000
    9.224212    0.000404    0.000000
    9.724212    0.000245    0.000000
   10.224212    0.000218    0.000000
   10.724212    0.000514    0.000000
   11.224212    0.000535    0.000000
