    0.750000  312.681112    0.836258
    1.250000  290.774779    0.833920
    1.750000  270.157964    0.832190
    2.250000  250.639426    0.831579
    2.750000  232.056460    0.832687
    3.250000  214.274446    0.836217
    3.750000  197.252649    0.842706
    4.250000  180.928327    0.852951
    4.750000  165.196126    0.868246
    5.250000  149.950516    0.890403
    5.750000  135.085407    0.922034
    6.250000  120.496665    0.967023
    6.750000  106.066533    1.031580
    7.250000   91.592537    1.127151
    7.750000   76.900830    1.274563
    8.250000   62.066388    1.510988
    8.750000   47.517018    1.905878
    9.250000   34.257138    2.576522
    9.750000   23.761790    3.640345
   10.250000   17.162471    4.940810
   10.750000   14.264909    5.847868
   11.250000 1316.013440    6.115002
    0.750000  312.681112    0.836258
    1.250000  290.774779    0.833920
    1.750000  270.157964    0.832190
    2.250000  250.639426    0.831579
    2.750000  232.056460    0.832687
    3.250000  214.274446    0.836217
    3.750000  197.252649    0.842706
    4.250000  180.928327    0.852951
    4.750000  165.196126    0.868246
    5.250000  149.950516    0.890403
    5.750000  135.085407    0.922034
    6.250000  120.496665    0.967023
    6.750000  106.066533    1.031580
    7.250000   91.592537    1.127151
    7.750000   76.900830    1.274563
    8.250000   62.066388    1.510988
    8.750000   47.517018    1.905878
    9.250000   34.257138    2.576522
    9.750000   23.761790    3.640345
   10.250000   17.162471    4.940810
   10.750000   14.264909    5.847868
   11.250000 1316.013440    6.115002
    0.750000  312.681112    0.836258
    1.250000  290.774779    0.833920
    1.750000  270.157964    0.832190
    2.250000  250.639426    0.831579
    2.750000  232.056460    0.832687
    3.250000  214.274446    0.836217
    3.750000  197.252649    0.842706
    4.250000  180.928327    0.852951
    4.750000  165.196126    0.868246
    5.250000  149.950516    0.890403
    5.750000  135.085407    0.922034
    6.250000  120.496665    0.967023
    6.750000  106.066533    1.031580
    7.250000   91.592537    1.127151
    7.750000   76.900830    1.274563
    8.250000   62.066388    1.510988
    8.750000   47.517018    1.905878
    9.250000   34.257138    2.576522
    9.750000   23.761790    3.640345
   10.250000   17.162471    4.940810
   10.750000   14.264909    5.847868
   11.250000 1316.013440    6.115002
    0.750000  310.908282    0.859247
    1.250000  289.446028    0.857656
    1.750000  269.285439    0.856541
    2.250000  250.248266    0.856338
    2.750000  232.185754    0.857541
    3.250000  214.972992    0.860720
    3.750000  198.565869    0.866279
    4.250000  182.929647    0.874680
    4.750000  167.974570    0.886803
    5.250000  153.606293    0.903871
    5.750000  139.723717    0.927629
    6.250000  126.215806    0.960645
    6.750000  112.938715    1.007045
    7.250000   99.639286    1.074562
    7.750000   86.051717    1.176866
    8.250000   72.086076    1.337013
    8.750000   57.908219    1.596260
    9.250000   44.142179    2.026287
    9.750000   31.888226    2.737085
   10.250000   22.413206    3.817812
   10.750000   16.579739    5.062821
   11.250000   14.050915    5.882904
   11.750000 1304.302053    6.117793
    0.750000  310.908282    0.859247
    1.250000  289.446028    0.857656
    1.750000  269.285439    0.856541
    2.250000  250.248266    0.856338
    2.750000  232.185754    0.857541
    3.250000  214.972992    0.860720
    3.750000  198.565869    0.866279
    4.250000  182.929647    0.874680
    4.750000  167.974570    0.886803
    5.250000  153.606293    0.903871
    5.750000  139.723717    0.927629
    6.250000  126.215806    0.960645
    6.750000  112.938715    1.007045
    7.250000   99.639286    1.074562
    7.750000   86.051717    1.176866
    8.250000   72.086076    1.337013
    8.750000   57.908219    1.596260
    9.250000   44.142179    2.026287
    9.750000   31.888226    2.737085
   10.250000   22.413206    3.817812
   10.750000   16.579739    5.062821
   11.250000   14.050915    5.882904
   11.750000 1304.302053    6.117793
    0.750000  310.908282    0.859247
    1.250000  289.446028    0.857656
    1.750000  269.285439    0.856541
    2.250000  250.248266    0.856338
    2.750000  232.185754    0.857541
    3.250000  214.972992    0.860720
    3.750000  198.565869    0.866279
    4.250000  182.929647    0.874680
    4.750000  167.974570    0.886803
    5.250000  153.606293    0.903871
    5.750000  139.723717    0.927629
    6.250000  126.215806    0.960645
    6.750000  112.938715    1.007045
    7.250000   99.639286    1.074562
    7.750000   86.051717    1.176866
    8.250000   72.086076    1.337013
    8.750000   57.908219    1.596260
    9.250000   44.142179    2.026287
    9.750000   31.888226    2.737085
   10.250000   22.413206    3.817812
   10.750000   16.579739    5.062821
   11.250000   14.050915    5.882904
   11.750000 1304.302053    6.117793
    0.750000  308.647257    0.882433
    1.250000  287.624572    0.881660
    1.750000  267.910701    0.881250
    2.250000  249.338556    0.881577
    2.750000  231.770905    0.883045
    3.250000  215.092688    0.886109
    3.750000  199.254977    0.891076
    4.250000  184.242749    0.898156
    4.750000  169.979811    0.907922
    5.250000  156.381106    0.921185
    5.750000  143.351656    0.939110
    6.250000  130.780472    0.963429
    6.750000  118.514126    0.996994
    7.250000  106.278354    1.045337
    7.750000   93.763448    1.118009
    8.250000   80.788631    1.230210
    8.750000   67.359404    1.407625
    9.250000   53.835011    1.693133
    9.750000   40.954141    2.157756
   10.250000   29.707671    2.906029
   10.750000   21.192328    3.995383
   11.250000   16.054419    5.177561
   11.750000   13.851510    5.914693
   12.250000 1292.948652    6.120384
    0.750000  308.647257    0.882433
    1.250000  287.624572    0.881660
    1.750000  267.910701    0.881250
    2.250000  249.338556    0.881577
    2.750000  231.770905    0.883045
    3.250000  215.092688    0.886109
    3.750000  199.254977    0.891076
    4.250000  184.242749    0.898156
    4.750000  169.979811    0.907922
    5.250000  156.381106    0.921185
    5.750000  143.351656    0.939110
    6.250000  130.780472    0.963429
    6.750000  118.514126    0.996994
    7.250000  106.278354    1.045337
    7.750000   93.763448    1.118009
    8.250000   80.788631    1.230210
    8.750000   67.359404    1.407625
    9.250000   53.835011    1.693133
    9.750000   40.954141    2.157756
   10.250000   29.707671    2.906029
   10.750000   21.192328    3.995383
   11.250000   16.054419    5.177561
   11.750000   13.851510    5.914693
   12.250000 1292.948652    6.120384
    0.750000  308.647257    0.882433
    1.250000  287.624572    0.881660
    1.750000  267.910701    0.881250
    2.250000  249.338556    0.881577
    2.750000  231.770905    0.883045
    3.250000  215.092688    0.886109
    3.750000  199.254977    0.891076
    4.250000  184.242749    0.898156
    4.750000  169.979811    0.907922
    5.250000  156.381106    0.921185
    5.750000  143.351656    0.939110
    6.250000  130.780472    0.963429
    6.750000  118.514126    0.996994
    7.250000  106.278354    1.045337
    7.750000   93.763448    1.118009
    8.250000   80.788631    1.230210
    8.750000   67.359404    1.407625
    9.250000   53.835011    1.693133
    9.750000   40.954141    2.157756
   10.250000   29.707671    2.906029
   10.750000   21.192328    3.995383
   11.250000   16.054419    5.177561
   11.750000   13.851510    5.914693
   12.250000 1292.948652    6.120384
    0.750000  303.121539    0.928752
    1.250000  282.948129    0.929753
    1.750000  264.086285    0.930940
    2.250000  246.386910    0.932582
    2.750000  229.730331    0.934947
    3.250000  214.018038    0.938307
    3.750000  199.194257    0.942823
    4.250000  185.263569    0.948383
    4.750000  172.171530    0.955139
    5.250000  159.846194    0.963395
    5.750000  148.203777    0.973640
    6.250000  137.140892    0.986684
    6.750000  126.506550    1.004032
    7.250000  116.025161    1.028968
    7.750000  105.369920    1.066974
    8.250000   94.296322    1.125833
    8.750000   82.667815    1.217260
    9.250000   70.569319    1.358460
    9.750000   58.299242    1.576418
   10.250000   46.295769    1.917024
   10.750000   35.205791    2.452747
   11.250000   25.870826    3.267280
   11.750000   19.092199    4.346072
   12.250000   15.152087    5.384912
   12.750000   13.490119    5.969808
   13.250000 1271.242286    6.125025
    0.750000  303.121539    0.928752
    1.250000  282.948129    0.929753
    1.750000  264.086285    0.930940
    2.250000  246.386910    0.932582
    2.750000  229.730331    0.934947
    3.250000  214.018038    0.938307
    3.750000  199.194257    0.942823
    4.250000  185.263569    0.948383
    4.750000  172.171530    0.955139
    5.250000  159.846194    0.963395
    5.750000  148.203777    0.973640
    6.250000  137.140892    0.986684
    6.750000  126.506550    1.004032
    7.250000  116.025161    1.028968
    7.750000  105.369920    1.066974
    8.250000   94.296322    1.125833
    8.750000   82.667815    1.217260
    9.250000   70.569319    1.358460
    9.750000   58.299242    1.576418
   10.250000   46.295769    1.917024
   10.750000   35.205791    2.452747
   11.250000   25.870826    3.267280
   11.750000   19.092199    4.346072
   12.250000   15.152087    5.384912
   12.750000   13.490119    5.969808
   13.250000 1271.242286    6.125025
    0.750000  303.121539    0.928752
    1.250000  282.948129    0.929753
    1.750000  264.086285    0.930940
    2.250000  246.386910    0.932582
    2.750000  229.730331    0.934947
    3.250000  214.018038    0.938307
    3.750000  199.194257    0.942823
    4.250000  185.263569    0.948383
    4.750000  172.171530    0.955139
    5.250000  159.846194    0.963395
    5.750000  148.203777    0.973640
    6.250000  137.140892    0.986684
    6.750000  126.506550    1.004032
    7.250000  116.025161    1.028968
    7.750000  105.369920    1.066974
    8.250000   94.296322    1.125833
    8.750000   82.667815    1.217260
    9.250000   70.569319    1.358460
    9.750000   58.299242    1.576418
   10.250000   46.295769    1.917024
   10.750000   35.205791    2.452747
   11.250000   25.870826    3.267280
   11.750000   19.092199    4.346072
   12.250000   15.152087    5.384912
   12.750000   13.490119    5.969808
   13.250000 1271.242286    6.125025
    0.750000  300.021206    0.951584
    1.250000  280.251144    0.953521
    1.750000  261.789644    0.955572
    2.250000  244.494910    0.957967
    2.750000  228.253993    0.960918
    3.250000  212.974741    0.964628
    3.750000  198.600047    0.969199
    4.250000  185.137635    0.974416
    4.750000  172.541455    0.980285
    5.250000  160.743935    0.986951
    5.750000  149.665720    0.994707
    6.250000  139.208012    1.004101
    6.750000  129.225015    1.016279
    7.250000  119.448640    1.033936
    7.750000  109.559057    1.061517
    8.250000   99.308747    1.105000
    8.750000   88.538073    1.172901
    9.250000   77.270996    1.276886
    9.750000   65.692956    1.434371
   10.250000   54.075005    1.674582
   10.750000   42.845518    2.045352
   11.250000   32.630860    2.617215
   11.750000   24.195172    3.458129
   12.250000   18.194097    4.516732
   12.750000   14.764980    5.477469
   13.250000   13.325376    5.993746
   13.750000 1260.856088    6.127107
    0.750000  300.021206    0.951584
    1.250000  280.251144    0.953521
    1.750000  261.789644    0.955572
    2.250000  244.494910    0.957967
    2.750000  228.253993    0.960918
    3.250000  212.974741    0.964628
    3.750000  198.600047    0.969199
    4.250000  185.137635    0.974416
    4.750000  172.541455    0.980285
    5.250000  160.743935    0.986951
    5.750000  149.665720    0.994707
    6.250000  139.208012    1.004101
    6.750000  129.225015    1.016279
    7.250000  119.448640    1.033936
    7.750000  109.559057    1.061517
    8.250000   99.308747    1.105000
    8.750000   88.538073    1.172901
    9.250000   77.270996    1.276886
    9.750000   65.692956    1.434371
   10.250000   54.075005    1.674582
   10.750000   42.845518    2.045352
   11.250000   32.630860    2.617215
   11.750000   24.195172    3.458129
   12.250000   18.194097    4.516732
   12.750000   14.764980    5.477469
   13.250000   13.325376    5.993746
   13.750000 1260.856088    6.127107
    0.750000  300.021206    0.951584
    1.250000  280.251144    0.953521
    1.750000  261.789644    0.955572
    2.250000  244.494910    0.957967
    2.750000  228.253993    0.960918
    3.250000  212.974741    0.964628
    3.750000  198.600047    0.969199
    4.250000  185.137635    0.974416
    4.750000  172.541455    0.980285
    5.250000  160.743935    0.986951
    5.750000  149.665720    0.994707
    6.250000  139.208012    1.004101
    6.750000  129.225015    1.016279
    7.250000  119.448640    1.033936
    7.750000  109.559057    1.061517
    8.250000   99.308747    1.105000
    8.750000   88.538073    1.172901
    9.250000   77.270996    1.276886
    9.750000   65.692956    1.434371
   10.250000   54.075005    1.674582
   10.750000   42.845518    2.045352
   11.250000   32.630860    2.617215
   11.750000   24.195172    3.458129
   12.250000   18.194097    4.516732
   12.750000   14.764980    5.477469
   13.250000   13.325376    5.993746
   13.750000 1260.856088    6.127107
    0.750000  303.121539    0.928752
    1.250000  282.948129    0.929753
    1.750000  264.086285    0.930940
    2.250000  246.386910    0.932582
    2.750000  229.730331    0.934947
    3.250000  214.018038    0.938307
    3.750000  199.194257    0.942823
    4.250000  185.263569    0.948383
    4.750000  172.171530    0.955139
    5.250000  159.846194    0.963395
    5.750000  148.203777    0.973640
    6.250000  137.140892    0.986684
    6.750000  126.506550    1.004032
    7.250000  116.025161    1.028968
    7.750000  105.369920    1.066974
    8.250000   94.296322    1.125833
    8.750000   82.667815    1.217260
    9.250000   70.569319    1.358460
    9.750000   58.299242    1.576418
   10.250000   46.295769    1.917024
   10.750000   35.205791    2.452747
   11.250000   25.870826    3.267280
   11.750000   19.092199    4.346072
   12.250000   15.152087    5.384912
   12.750000   13.490119    5.969808
   13.250000 1271.242286    6.125025
    0.750000  303.121539    0.928752
    1.250000  282.948129    0.929753
    1.750000  264.086285    0.930940
    2.250000  246.386910    0.932582
    2.750000  229.730331    0.934947
    3.250000  214.018038    0.938307
    3.750000  199.194257    0.942823
    4.250000  185.263569    0.948383
    4.750000  172.171530    0.955139
    5.250000  159.846194    0.963395
    5.750000  148.203777    0.973640
    6.250000  137.140892    0.986684
    6.750000  126.506550    1.004032
    7.250000  116.025161    1.028968
    7.750000  105.369920    1.066974
    8.250000   94.296322    1.125833
    8.750000   82.667815    1.217260
    9.250000   70.569319    1.358460
    9.750000   58.299242    1.576418
   10.250000   46.295769    1.917024
   10.750000   35.205791    2.452747
   11.250000   25.870826    3.267280
   11.750000   19.092199    4.346072
   12.250000   15.152087    5.384912
   12.750000   13.490119    5.969808
   13.250000 1271.242286    6.125025
    0.750000  303.121539    0.928752
    1.250000  282.948129    0.929753
    1.750000  264.086285    0.930940
    2.250000  246.386910    0.932582
    2.750000  229.730331    0.934947
    3.250000  214.018038    0.938307
    3.750000  199.194257    0.942823
    4.250000  185.263569    0.948383
    4.750000  172.171530    0.955139
    5.250000  159.846194    0.963395
    5.750000  148.203777    0.973640
    6.250000  137.140892    0.986684
    6.750000  126.506550    1.004032
    7.250000  116.025161    1.028968
    7.750000  105.369920    1.066974
    8.250000   94.296322    1.125833
    8.750000   82.667815    1.217260
    9.250000   70.569319    1.358460
    9.750000   58.299242    1.576418
   10.250000   46.295769    1.917024
   10.750000   35.205791    2.452747
   11.250000   25.870826    3.267280
   11.750000   19.092199    4.346072
   12.250000   15.152087    5.384912
   12.750000   13.490119    5.969808
   13.250000 1271.242286    6.125025
    0.750000  308.647257    0.882433
    1.250000  287.624572    0.881660
    1.750000  267.910701    0.881250
    2.250000  249.338556    0.881577
    2.750000  231.770905    0.883045
    3.250000  215.092688    0.886109
    3.750000  199.254977    0.891076
    4.250000  184.242749    0.898156
    4.750000  169.979811    0.907922
    5.250000  156.381106    0.921185
    5.750000  143.351656    0.939110
    6.250000  130.780472    0.963429
    6.750000  118.514126    0.996994
    7.250000  106.278354    1.045337
    7.750000   93.763448    1.118009
    8.250000   80.788631    1.230210
    8.750000   67.359404    1.407625
    9.250000   53.835011    1.693133
    9.750000   40.954141    2.157756
   10.250000   29.707671    2.906029
   10.750000   21.192328    3.995383
   11.250000   16.054419    5.177561
   11.750000   13.851510    5.914693
   12.250000 1292.948652    6.120384
    0.750000  308.647257    0.882433
    1.250000  287.624572    0.881660
    1.750000  267.910701    0.881250
    2.250000  249.338556    0.881577
    2.750000  231.770905    0.883045
    3.250000  215.092688    0.886109
    3.750000  199.254977    0.891076
    4.250000  184.242749    0.898156
    4.750000  169.979811    0.907922
    5.250000  156.381106    0.921185
    5.750000  143.351656    0.939110
    6.250000  130.780472    0.963429
    6.750000  118.514126    0.996994
    7.250000  106.278354    1.045337
    7.750000   93.763448    1.118009
    8.250000   80.788631    1.230210
    8.750000   67.359404    1.407625
    9.250000   53.835011    1.693133
    9.750000   40.954141    2.157756
   10.250000   29.707671    2.906029
   10.750000   21.192328    3.995383
   11.250000   16.054419    5.177561
   11.750000   13.851510    5.914693
   12.250000 1292.948652    6.120384
    0.750000  308.647257    0.882433
    1.250000  287.624572    0.881660
    1.750000  267.910701    0.881250
    2.250000  249.338556    0.881577
    2.750000  231.770905    0.883045
    3.250000  215.092688    0.886109
    3.750000  199.254977    0.891076
    4.250000  184.242749    0.898156
    4.750000  169.979811    0.907922
    5.250000  156.381106    0.921185
    5.750000  143.351656    0.939110
    6.250000  130.780472    0.963429
    6.750000  118.514126    0.996994
    7.250000  106.278354    1.045337
    7.750000   93.763448    1.118009
    8.250000   80.788631    1.230210
    8.750000   67.359404    1.407625
    9.250000   53.835011    1.693133
    9.750000   40.954141    2.157756
   10.250000   29.707671    2.906029
   10.750000   21.192328    3.995383
   11.250000   16.054419    5.177561
   11.750000   13.851510    5.914693
   12.250000 1292.948652    6.120384
    0.750000  310.908282    0.859247
    1.250000  289.446028    0.857656
    1.750000  269.285439    0.856541
    2.250000  250.248266    0.856338
    2.750000  232.185754    0.857541
    3.250000  214.972992    0.860720
    3.750000  198.565869    0.866279
    4.250000  182.929647    0.874680
    4.750000  167.974570    0.886803
    5.250000  153.606293    0.903871
    5.750000  139.723717    0.927629
    6.250000  126.215806    0.960645
    6.750000  112.938715    1.007045
    7.250000   99.639286    1.074562
    7.750000   86.051717    1.176866
    8.250000   72.086076    1.337013
    8.750000   57.908219    1.596260
    9.250000   44.142179    2.026287
    9.750000   31.888226    2.737085
   10.250000   22.413206    3.817812
   10.750000   16.579739    5.062821
   11.250000   14.050915    5.882904
   11.750000 1304.302053    6.117793
    0.750000  310.908282    0.859247
    1.250000  289.446028    0.857656
    1.750000  269.285439    0.856541
    2.250000  250.248266    0.856338
    2.750000  232.185754    0.857541
    3.250000  214.972992    0.860720
    3.750000  198.565869    0.866279
    4.250000  182.929647    0.874680
    4.750000  167.974570    0.886803
    5.250000  153.606293    0.903871
    5.750000  139.723717    0.927629
    6.250000  126.215806    0.960645
    6.750000  112.938715    1.007045
    7.250000   99.639286    1.074562
    7.750000   86.051717    1.176866
    8.250000   72.086076    1.337013
    8.750000   57.908219    1.596260
    9.250000   44.142179    2.026287
    9.750000   31.888226    2.737085
   10.250000   22.413206    3.817812
   10.750000   16.579739    5.062821
   11.250000   14.050915    5.882904
   11.750000 1304.302053    6.117793
    0.750000  310.908282    0.859247
    1.250000  289.446028    0.857656
    1.750000  269.285439    0.856541
    2.250000  250.248266    0.856338
    2.750000  232.185754    0.857541
    3.250000  214.972992    0.860720
    3.750000  198.565869    0.866279
    4.250000  182.929647    0.874680
    4.750000  167.974570    0.886803
    5.250000  153.606293    0.903871
    5.750000  139.723717    0.927629
    6.250000  126.215806    0.960645
    6.750000  112.938715    1.007045
    7.250000   99.639286    1.074562
    7.750000   86.051717    1.176866
    8.250000   72.086076    1.337013
    8.750000   57.908219    1.596260
    9.250000   44.142179    2.026287
    9.750000   31.888226    2.737085
   10.250000   22.413206    3.817812
   10.750000   16.579739    5.062821
   11.250000   14.050915    5.882904
   11.750000 1304.302053    6.117793
    0.750000  312.681112    0.836258
    1.250000  290.774779    0.833920
    1.750000  270.157964    0.832190
    2.250000  250.639426    0.831579
    2.750000  232.056460    0.832687
    3.250000  214.274446    0.836217
    3.750000  197.252649    0.842706
    4.250000  180.928327    0.852951
    4.750000  165.196126    0.868246
    5.250000  149.950516    0.890403
    5.750000  135.085407    0.922034
    6.250000  120.496665    0.967023
    6.750000  106.066533    1.031580
    7.250000   91.592537    1.127151
    7.750000   76.900830    1.274563
    8.250000   62.066388    1.510988
    8.750000   47.517018    1.905878
    9.250000   34.257138    2.576522
    9.750000   23.761790    3.640345
   10.250000   17.162471    4.940810
   10.750000   14.264909    5.847868
   11.250000 1316.013440    6.115002
    0.750000  312.681112    0.836258
    1.250000  290.774779    0.833920
    1.750000  270.157964    0.832190
    2.250000  250.639426    0.831579
    2.750000  232.056460    0.832687
    3.250000  214.274446    0.836217
    3.750000  197.252649    0.842706
    4.250000  180.928327    0.852951
    4.750000  165.196126    0.868246
    5.250000  149.950516    0.890403
    5.750000  135.085407    0.922034
    6.250000  120.496665    0.967023
    6.750000  106.066533    1.031580
    7.250000   91.592537    1.127151
    7.750000   76.900830    1.274563
    8.250000   62.066388    1.510988
    8.750000   47.517018    1.905878
    9.250000   34.257138    2.576522
    9.750000   23.761790    3.640345
   10.250000   17.162471    4.940810
   10.750000   14.264909    5.847868
   11.250000 1316.013440    6.115002
    0.750000  312.681112    0.836258
    1.250000  290.774779    0.833920
    1.750000  270.157964    0.832190
    2.250000  250.639426    0.831579
    2.750000  232.056460    0.832687
    3.250000  214.274446    0.836217
    3.750000  197.252649    0.842706
    4.250000  180.928327    0.852951
    4.750000  165.196126    0.868246
    5.250000  149.950516    0.890403
    5.750000  135.085407    0.922034
    6.250000  120.496665    0.967023
    6.750000  106.066533    1.031580
    7.250000   91.592537    1.127151
    7.750000   76.900830    1.274563
    8.250000   62.066388    1.510988
    8.750000   47.517018    1.905878
    9.250000   34.257138    2.576522
    9.750000   23.761790    3.640345
   10.250000   17.162471    4.940810
   10.750000   14.264909    5.847868
   11.250000 1316.013440    6.115002
    0.750000  312.681112    0.836258
    1.250000  290.774779    0.833920
    1.750000  270.157964    0.832190
    2.250000  250.639426    0.831579
    2.750000  232.056460    0.832687
    3.250000  214.274446    0.836217
    3.750000  197.252649    0.842706
    4.250000  180.928327    0.852951
    4.750000  165.196126    0.868246
    5.250000  149.950516    0.890403
    5.750000  135.085407    0.922034
    6.250000  120.496665    0.967023
    6.750000  106.066533    1.031580
    7.250000   91.592537    1.127151
    7.750000   76.900830    1.274563
    8.250000   62.066388    1.510988
    8.750000   47.517018    1.905878
    9.250000   34.257138    2.576522
    9.750000   23.761790    3.640345
   10.250000   17.162471    4.940810
   10.750000   14.264909    5.847868
   11.250000 1316.013440    6.115002
    0.750000  312.681112    0.836258
    1.250000  290.774779    0.833920
    1.750000  270.157964    0.832190
    2.250000  250.639426    0.831579
    2.750000  232.056460    0.832687
    3.250000  214.274446    0.836217
    3.750000  197.252649    0.842706
    4.250000  180.928327    0.852951
    4.750000  165.196126    0.868246
    5.250000  149.950516    0.890403
    5.750000  135.085407    0.922034
    6.250000  120.496665    0.967023
    6.750000  106.066533    1.031580
    7.250000   91.592537    1.127151
    7.750000   76.900830    1.274563
    8.250000   62.066388    1.510988
    8.750000   47.517018    1.905878
    9.250000   34.257138    2.576522
    9.750000   23.761790    3.640345
   10.250000   17.162471    4.940810
   10.750000   14.264909    5.847868
   11.250000 1316.013440    6.115002
    0.750000  312.681112    0.836258
    1.250000  290.774779    0.833920
    1.750000  270.157964    0.832190
    2.250000  250.639426    0.831579
    2.750000  232.056460    0.832687
    3.250000  214.274446    0.836217
    3.750000  197.252649    0.842706
    4.250000  180.928327    0.852951
    4.750000  165.196126    0.868246
    5.250000  149.950516    0.890403
    5.750000  135.085407    0.922034
    6.250000  120.496665    0.967023
    6.750000  106.066533    1.031580
    7.250000   91.592537    1.127151
    7.750000   76.900830    1.274563
    8.250000   62.066388    1.510988
    8.750000   47.517018    1.905878
    9.250000   34.257138    2.576522
    9.750000   23.761790    3.640345
   10.250000   17.162471    4.940810
   10.750000   14.264909    5.847868
   11.250000 1316.013440    6.115002
    0.741685  312.867070    0.836101
    1.241685  290.940065    0.833774
    1.741685  270.305658    0.832052
    2.241685  250.772047    0.831445
    2.741685  232.176102    0.832554
    3.241685  214.382712    0.836082
    3.741685  197.350601    0.842567
    4.241685  181.017238    0.852804
    4.741685  165.277096    0.868086
    5.241685  150.024449    0.890224
    5.741685  135.153002    0.921828
    6.241685  120.558371    0.966780
    6.741685  106.122512    1.031287
    7.241685   91.642639    1.126789
    7.741685   76.944602    1.274102
    8.241685   62.103097    1.510382
    8.741685   47.545816    1.905057
    9.241685   34.277380    2.575426
    9.741685   23.773760    3.639104
   10.241685   17.168240    4.939932
   10.741685   14.267685    5.847612
   11.241685 1316.209735    6.114982
    0.741685  312.867070    0.836101
    1.241685  290.940065    0.833774
    1.741685  270.305658    0.832052
    2.241685  250.772047    0.831445
    2.741685  232.176102    0.832554
    3.241685  214.382712    0.836082
    3.741685  197.350601    0.842567
    4.241685  181.017238    0.852804
    4.741685  165.277096    0.868086
    5.241685  150.024449    0.890224
    5.741685  135.153002    0.921828
    6.241685  120.558371    0.966780
    6.741685  106.122512    1.031287
    7.241685   91.642639    1.126789
    7.741685   76.944602    1.274102
    8.241685   62.103097    1.510382
    8.741685   47.545816    1.905057
    9.241685   34.277380    2.575426
    9.741685   23.773760    3.639104
   10.241685   17.168240    4.939932
   10.741685   14.267685    5.847612
   11.241685 1316.209735    6.114982
    0.741685  312.867070    0.836101
    1.241685  290.940065    0.833774
    1.741685  270.305658    0.832052
    2.241685  250.772047    0.831445
    2.741685  232.176102    0.832554
    3.241685  214.382712    0.836082
    3.741685  197.350601    0.842567
    4.241685  181.017238    0.852804
    4.741685  165.277096    0.868086
    5.241685  150.024449    0.890224
    5.741685  135.153002    0.921828
    6.241685  120.558371    0.966780
    6.741685  106.122512    1.031287
    7.241685   91.642639    1.126789
    7.741685   76.944602    1.274102
    8.241685   62.103097    1.510382
    8.741685   47.545816    1.905057
    9.241685   34.277380    2.575426
    9.741685   23.773760    3.639104
   10.241685   17.168240    4.939932
   10.741685   14.267685    5.847612
   11.241685 1316.209735    6.114982
    0.740322  311.120394    0.859062
    1.240322  289.634696    0.857484
    1.740322  269.454150    0.856379
    2.240322  250.399878    0.856182
    2.740322  232.322646    0.857387
    3.240322  215.097074    0.860565
    3.740322  198.678333    0.866121
    4.240322  183.031908    0.874515
    4.740322  168.067906    0.886626
    5.240322  153.691778    0.903677
    5.740322  139.802211    0.927410
    6.240322  126.287928    0.960393
    6.740322  113.004799    1.006749
    7.240322   99.699368    1.074208
    7.740322   86.105521    1.176428
    8.240322   72.133001    1.336454
    8.740322   57.947415    1.595521
    9.240322   44.172692    2.025286
    9.740322   31.909410    2.735781
   10.240322   22.425599    3.816406
   10.740322   16.585763    5.061887
   11.240322   14.053947    5.882641
   11.740322 1304.523431    6.117772
    0.740322  311.120394    0.859062
    1.240322  289.634696    0.857484
    1.740322  269.454150    0.856379
    2.240322  250.399878    0.856182
    2.740322  232.322646    0.857387
    3.240322  215.097074    0.860565
    3.740322  198.678333    0.866121
    4.240322  183.031908    0.874515
    4.740322  168.067906    0.886626
    5.240322  153.691778    0.903677
    5.740322  139.802211    0.927410
    6.240322  126.287928    0.960393
    6.740322  113.004799    1.006749
    7.240322   99.699368    1.074208
    7.740322   86.105521    1.176428
    8.240322   72.133001    1.336454
    8.740322   57.947415    1.595521
    9.240322   44.172692    2.025286
    9.740322   31.909410    2.735781
   10.240322   22.425599    3.816406
   10.740322   16.585763    5.061887
   11.240322   14.053947    5.882641
   11.740322 1304.523431    6.117772
    0.740322  311.120394    0.859062
    1.240322  289.634696    0.857484
    1.740322  269.454150    0.856379
    2.240322  250.399878    0.856182
    2.740322  232.322646    0.857387
    3.240322  215.097074    0.860565
    3.740322  198.678333    0.866121
    4.240322  183.031908    0.874515
    4.740322  168.067906    0.886626
    5.240322  153.691778    0.903677
    5.740322  139.802211    0.927410
    6.240322  126.287928    0.960393
    6.740322  113.004799    1.006749
    7.240322   99.699368    1.074208
    7.740322   86.105521    1.176428
    8.240322   72.133001    1.336454
    8.740322   57.947415    1.595521
    9.240322   44.172692    2.025286
    9.740322   31.909410    2.735781
   10.240322   22.425599    3.816406
   10.740322   16.585763    5.061887
   11.240322   14.053947    5.882641
   11.740322 1304.523431    6.117772
    0.739892  308.864149    0.882237
    1.239892  287.817635    0.881478
    1.739892  268.083476    0.881079
    2.239892  249.493948    0.881413
    2.739892  231.911334    0.882884
    3.239892  215.220154    0.885949
    3.739892  199.370718    0.890914
    4.239892  184.348157    0.897989
    4.739892  170.076206    0.907745
    5.239892  156.469612    0.920994
    5.739892  143.433198    0.938899
    6.239892  130.855753    0.963191
    6.739892  118.583598    0.996720
    7.239892  106.342207    1.045015
    7.739892   93.821596    1.117623
    8.239892   80.840682    1.229730
    8.739892   67.404684    1.407008
    9.239892   53.872613    1.692315
    9.739892   40.983113    2.156660
   10.239892   29.727524    2.904643
   10.739892   21.203836    3.993963
   11.239892   16.060081    5.176673
   11.739892   13.854492    5.914452
   12.239892 1293.172834    6.120365
    0.739892  308.864149    0.882237
    1.239892  287.817635    0.881478
    1.739892  268.083476    0.881079
    2.239892  249.493948    0.881413
    2.739892  231.911334    0.882884
    3.239892  215.220154    0.885949
    3.739892  199.370718    0.890914
    4.239892  184.348157    0.897989
    4.739892  170.076206    0.907745
    5.239892  156.469612    0.920994
    5.739892  143.433198    0.938899
    6.239892  130.855753    0.963191
    6.739892  118.583598    0.996720
    7.239892  106.342207    1.045015
    7.739892   93.821596    1.117623
    8.239892   80.840682    1.229730
    8.739892   67.404684    1.407008
    9.239892   53.872613    1.692315
    9.739892   40.983113    2.156660
   10.239892   29.727524    2.904643
   10.739892   21.203836    3.993963
   11.239892   16.060081    5.176673
   11.739892   13.854492    5.914452
   12.239892 1293.172834    6.120365
    0.739892  308.864149    0.882237
    1.239892  287.817635    0.881478
    1.739892  268.083476    0.881079
    2.239892  249.493948    0.881413
    2.739892  231.911334    0.882884
    3.239892  215.220154    0.885949
    3.739892  199.370718    0.890914
    4.239892  184.348157    0.897989
    4.739892  170.076206    0.907745
    5.239892  156.469612    0.920994
    5.739892  143.433198    0.938899
    6.239892  130.855753    0.963191
    6.739892  118.583598    0.996720
    7.239892  106.342207    1.045015
    7.739892   93.821596    1.117623
    8.239892   80.840682    1.229730
    8.739892   67.404684    1.407008
    9.239892   53.872613    1.692315
    9.739892   40.983113    2.156660
   10.239892   29.727524    2.904643
   10.739892   21.203836    3.993963
   11.239892   16.060081    5.176673
   11.739892   13.854492    5.914452
   12.239892 1293.172834    6.120365
    0.739130  303.344959    0.928535
    1.239130  283.147314    0.929553
    1.739130  264.264826    0.930752
    2.239130  246.547761    0.932404
    2.739130  229.875958    0.934774
    3.239130  214.150527    0.938135
    3.739130  199.314972    0.942652
    4.239130  185.373814    0.948210
    4.739130  172.272674    0.954959
    5.239130  159.939413    0.963206
    5.739130  148.290068    0.973438
    6.239130  137.221058    0.986463
    6.739130  126.581185    1.003786
    7.239130  116.094656    1.028691
    7.739130  105.434457    1.066653
    8.239130   94.355841    1.125452
    8.739130   82.722007    1.216796
    9.239130   70.617604    1.357875
    9.739130   58.340801    1.575663
   10.239130   46.329688    1.916034
   10.739130   35.231325    2.451465
   11.239130   25.887886    3.265764
   11.739130   19.101967    4.344679
   12.239130   15.157060    5.384137
   12.739130   13.492994    5.969606
   13.239130 1271.469409    6.125008
    0.739130  303.344959    0.928535
    1.239130  283.147314    0.929553
    1.739130  264.264826    0.930752
    2.239130  246.547761    0.932404
    2.739130  229.875958    0.934774
    3.239130  214.150527    0.938135
    3.739130  199.314972    0.942652
    4.239130  185.373814    0.948210
    4.739130  172.272674    0.954959
    5.239130  159.939413    0.963206
    5.739130  148.290068    0.973438
    6.239130  137.221058    0.986463
    6.739130  126.581185    1.003786
    7.239130  116.094656    1.028691
    7.739130  105.434457    1.066653
    8.239130   94.355841    1.125452
    8.739130   82.722007    1.216796
    9.239130   70.617604    1.357875
    9.739130   58.340801    1.575663
   10.239130   46.329688    1.916034
   10.739130   35.231325    2.451465
   11.239130   25.887886    3.265764
   11.739130   19.101967    4.344679
   12.239130   15.157060    5.384137
   12.739130   13.492994    5.969606
   13.239130 1271.469409    6.125008
    0.739130  303.344959    0.928535
    1.239130  283.147314    0.929553
    1.739130  264.264826    0.930752
    2.239130  246.547761    0.932404
    2.739130  229.875958    0.934774
    3.239130  214.150527    0.938135
    3.739130  199.314972    0.942652
    4.239130  185.373814    0.948210
    4.739130  172.272674    0.954959
    5.239130  159.939413    0.963206
    5.739130  148.290068    0.973438
    6.239130  137.221058    0.986463
    6.739130  126.581185    1.003786
    7.239130  116.094656    1.028691
    7.739130  105.434457    1.066653
    8.239130   94.355841    1.125452
    8.739130   82.722007    1.216796
    9.239130   70.617604    1.357875
    9.739130   58.340801    1.575663
   10.239130   46.329688    1.916034
   10.739130   35.231325    2.451465
   11.239130   25.887886    3.265764
   11.739130   19.101967    4.344679
   12.239130   15.157060    5.384137
   12.739130   13.492994    5.969606
   13.239130 1271.469409    6.125008
    0.739666  300.229121    0.951376
    1.239666  280.436655    0.953328
    1.739666  261.956067    0.955391
    2.239666  244.644973    0.957796
    2.739666  228.389976    0.960752
    3.239666  213.098579    0.964464
    3.739666  198.713058    0.969036
    4.239666  185.240971    0.974252
    4.739666  172.636386    0.980117
    5.239666  160.831560    0.986776
    5.739666  149.746971    0.994521
    6.239666  139.283653    1.003901
    6.739666  129.295628    1.016060
    7.239666  119.514645    1.033693
    7.739666  109.620701    1.061241
    8.239666   99.366083    1.104678
    8.739666   88.590950    1.172516
    9.239666   77.319035    1.276412
    9.739666   65.735551    1.433775
   10.239666   54.111400    1.673814
   10.739666   42.874933    2.044354
   11.239666   32.652737    2.615951
   11.739666   24.209618    3.456691
   12.239666   18.202348    4.515483
   12.739666   14.769275    5.476811
   13.239666   13.327976    5.993577
   13.739666 1261.065860    6.127092
    0.739666  300.229121    0.951376
    1.239666  280.436655    0.953328
    1.739666  261.956067    0.955391
    2.239666  244.644973    0.957796
    2.739666  228.389976    0.960752
    3.239666  213.098579    0.964464
    3.739666  198.713058    0.969036
    4.239666  185.240971    0.974252
    4.739666  172.636386    0.980117
    5.239666  160.831560    0.986776
    5.739666  149.746971    0.994521
    6.239666  139.283653    1.003901
    6.739666  129.295628    1.016060
    7.239666  119.514645    1.033693
    7.739666  109.620701    1.061241
    8.239666   99.366083    1.104678
    8.739666   88.590950    1.172516
    9.239666   77.319035    1.276412
    9.739666   65.735551    1.433775
   10.239666   54.111400    1.673814
   10.739666   42.874933    2.044354
   11.239666   32.652737    2.615951
   11.739666   24.209618    3.456691
   12.239666   18.202348    4.515483
   12.739666   14.769275    5.476811
   13.239666   13.327976    5.993577
   13.739666 1261.065860    6.127092
    0.739666  300.229121    0.951376
    1.239666  280.436655    0.953328
    1.739666  261.956067    0.955391
    2.239666  244.644973    0.957796
    2.739666  228.389976    0.960752
    3.239666  213.098579    0.964464
    3.739666  198.713058    0.969036
    4.239666  185.240971    0.974252
    4.739666  172.636386    0.980117
    5.239666  160.831560    0.986776
    5.739666  149.746971    0.994521
    6.239666  139.283653    1.003901
    6.739666  129.295628    1.016060
    7.239666  119.514645    1.033693
    7.739666  109.620701    1.061241
    8.239666   99.366083    1.104678
    8.739666   88.590950    1.172516
    9.239666   77.319035    1.276412
    9.739666   65.735551    1.433775
   10.239666   54.111400    1.673814
   10.739666   42.874933    2.044354
   11.239666   32.652737    2.615951
   11.739666   24.209618    3.456691
   12.239666   18.202348    4.515483
   12.739666   14.769275    5.476811
   13.239666   13.327976    5.993577
   13.739666 1261.065860    6.127092
    0.739778  303.331635    0.928548
    1.239778  283.135436    0.929565
    1.739778  264.254180    0.930763
    2.239778  246.538171    0.932415
    2.739778  229.867276    0.934784
    3.239778  214.142628    0.938145
    3.739778  199.307776    0.942662
    4.239778  185.367242    0.948220
    4.739778  172.266644    0.954970
    5.239778  159.933856    0.963217
    5.739778  148.284924    0.973450
    6.239778  137.216279    0.986476
    6.739778  126.576736    1.003801
    7.239778  116.090514    1.028707
    7.739778  105.430610    1.066672
    8.239778   94.352294    1.125475
    8.739778   82.718776    1.216823
    9.239778   70.614726    1.357910
    9.739778   58.338324    1.575708
   10.239778   46.327666    1.916093
   10.739778   35.229803    2.451542
   11.239778   25.886869    3.265854
   11.739778   19.101385    4.344762
   12.239778   15.156764    5.384183
   12.739778   13.492822    5.969618
   13.239778 1271.455873    6.125009
    0.739778  303.331635    0.928548
    1.239778  283.135436    0.929565
    1.739778  264.254180    0.930763
    2.239778  246.538171    0.932415
    2.739778  229.867276    0.934784
    3.239778  214.142628    0.938145
    3.739778  199.307776    0.942662
    4.239778  185.367242    0.948220
    4.739778  172.266644    0.954970
    5.239778  159.933856    0.963217
    5.739778  148.284924    0.973450
    6.239778  137.216279    0.986476
    6.739778  126.576736    1.003801
    7.239778  116.090514    1.028707
    7.739778  105.430610    1.066672
    8.239778   94.352294    1.125475
    8.739778   82.718776    1.216823
    9.239778   70.614726    1.357910
    9.739778   58.338324    1.575708
   10.239778   46.327666    1.916093
   10.739778   35.229803    2.451542
   11.239778   25.886869    3.265854
   11.739778   19.101385    4.344762
   12.239778   15.156764    5.384183
   12.739778   13.492822    5.969618
   13.239778 1271.455873    6.125009
    0.739778  303.331635    0.928548
    1.239778  283.135436    0.929565
    1.739778  264.254180    0.930763
    2.239778  246.538171    0.932415
    2.739778  229.867276    0.934784
    3.239778  214.142628    0.938145
    3.739778  199.307776    0.942662
    4.239778  185.367242    0.948220
    4.739778  172.266644    0.954970
    5.239778  159.933856    0.963217
    5.739778  148.284924    0.973450
    6.239778  137.216279    0.986476
    6.739778  126.576736    1.003801
    7.239778  116.090514    1.028707
    7.739778  105.430610    1.066672
    8.239778   94.352294    1.125475
    8.739778   82.718776    1.216823
    9.239778   70.614726    1.357910
    9.739778   58.338324    1.575708
   10.239778   46.327666    1.916093
   10.739778   35.229803    2.451542
   11.239778   25.886869    3.265854
   11.739778   19.101385    4.344762
   12.239778   15.156764    5.384183
   12.739778   13.492822    5.969618
   13.239778 1271.455873    6.125009
    0.739964  308.862612    0.882238
    1.239964  287.816267    0.881480
    1.739964  268.082252    0.881080
    2.239964  249.492847    0.881414
    2.739964  231.910339    0.882886
    3.239964  215.219251    0.885950
    3.739964  199.369898    0.890915
    4.239964  184.347410    0.897990
    4.739964  170.075524    0.907746
    5.239964  156.468986    0.920995
    5.739964  143.432620    0.938900
    6.239964  130.855220    0.963193
    6.739964  118.583106    0.996722
    7.239964  106.341755    1.045018
    7.739964   93.821184    1.117625
    8.239964   80.840313    1.229733
    8.739964   67.404363    1.407012
    9.239964   53.872347    1.692321
    9.739964   40.982908    2.156668
   10.239964   29.727384    2.904652
   10.739964   21.203754    3.993973
   11.239964   16.060041    5.176680
   11.739964   13.854471    5.914453
   12.239964 1293.171247    6.120365
    0.739964  308.862612    0.882238
    1.239964  287.816267    0.881480
    1.739964  268.082252    0.881080
    2.239964  249.492847    0.881414
    2.739964  231.910339    0.882886
    3.239964  215.219251    0.885950
    3.739964  199.369898    0.890915
    4.239964  184.347410    0.897990
    4.739964  170.075524    0.907746
    5.239964  156.468986    0.920995
    5.739964  143.432620    0.938900
    6.239964  130.855220    0.963193
    6.739964  118.583106    0.996722
    7.239964  106.341755    1.045018
    7.739964   93.821184    1.117625
    8.239964   80.840313    1.229733
    8.739964   67.404363    1.407012
    9.239964   53.872347    1.692321
    9.739964   40.982908    2.156668
   10.239964   29.727384    2.904652
   10.739964   21.203754    3.993973
   11.239964   16.060041    5.176680
   11.739964   13.854471    5.914453
   12.239964 1293.171247    6.120365
    0.739964  308.862612    0.882238
    1.239964  287.816267    0.881480
    1.739964  268.082252    0.881080
    2.239964  249.492847    0.881414
    2.739964  231.910339    0.882886
    3.239964  215.219251    0.885950
    3.739964  199.369898    0.890915
    4.239964  184.347410    0.897990
    4.739964  170.075524    0.907746
    5.239964  156.468986    0.920995
    5.739964  143.432620    0.938900
    6.239964  130.855220    0.963193
    6.739964  118.583106    0.996722
    7.239964  106.341755    1.045018
    7.739964   93.821184    1.117625
    8.239964   80.840313    1.229733
    8.739964   67.404363    1.407012
    9.239964   53.872347    1.692321
    9.739964   40.982908    2.156668
   10.239964   29.727384    2.904652
   10.739964   21.203754    3.993973
   11.239964   16.060041    5.176680
   11.739964   13.854471    5.914453
   12.239964 1293.171247    6.120365
    0.740096  311.125344    0.859057
    1.240096  289.639099    0.857480
    1.740096  269.458087    0.856375
    2.240096  250.403416    0.856178
    2.740096  232.325840    0.857384
    3.240096  215.099969    0.860562
    3.740096  198.680957    0.866117
    4.240096  183.034294    0.874511
    4.740096  168.070083    0.886622
    5.240096  153.693772    0.903673
    5.740096  139.804042    0.927405
    6.240096  126.289611    0.960387
    6.740096  113.006341    1.006742
    7.240096   99.700769    1.074199
    7.740096   86.106776    1.176418
    8.240096   72.134095    1.336441
    8.740096   57.948329    1.595503
    9.240096   44.173404    2.025263
    9.740096   31.909904    2.735750
   10.240096   22.425888    3.816373
   10.740096   16.585903    5.061865
   11.240096   14.054018    5.882635
   11.740096 1304.528594    6.117771
    0.740096  311.125344    0.859057
    1.240096  289.639099    0.857480
    1.740096  269.458087    0.856375
    2.240096  250.403416    0.856178
    2.740096  232.325840    0.857384
    3.240096  215.099969    0.860562
    3.740096  198.680957    0.866117
    4.240096  183.034294    0.874511
    4.740096  168.070083    0.886622
    5.240096  153.693772    0.903673
    5.740096  139.804042    0.927405
    6.240096  126.289611    0.960387
    6.740096  113.006341    1.006742
    7.240096   99.700769    1.074199
    7.740096   86.106776    1.176418
    8.240096   72.134095    1.336441
    8.740096   57.948329    1.595503
    9.240096   44.173404    2.025263
    9.740096   31.909904    2.735750
   10.240096   22.425888    3.816373
   10.740096   16.585903    5.061865
   11.240096   14.054018    5.882635
   11.740096 1304.528594    6.117771
    0.740096  311.125344    0.859057
    1.240096  289.639099    0.857480
    1.740096  269.458087    0.856375
    2.240096  250.403416    0.856178
    2.740096  232.325840    0.857384
    3.240096  215.099969    0.860562
    3.740096  198.680957    0.866117
    4.240096  183.034294    0.874511
    4.740096  168.070083    0.886622
    5.240096  153.693772    0.903673
    5.740096  139.804042    0.927405
    6.240096  126.289611    0.960387
    6.740096  113.006341    1.006742
    7.240096   99.700769    1.074199
    7.740096   86.106776    1.176418
    8.240096   72.134095    1.336441
    8.740096   57.948329    1.595503
    9.240096   44.173404    2.025263
    9.740096   31.909904    2.735750
   10.240096   22.425888    3.816373
   10.740096   16.585903    5.061865
   11.240096   14.054018    5.882635
   11.740096 1304.528594    6.117771
    0.740405  312.895715    0.836077
    1.240405  290.965524    0.833752
    1.740405  270.328406    0.832030
    2.240405  250.792472    0.831424
    2.740405  232.194527    0.832533
    3.240405  214.399385    0.836061
    3.740405  197.365686    0.842545
    4.240405  181.030930    0.852781
    4.740405  165.289565    0.868061
    5.240405  150.035834    0.890196
    5.740405  135.163410    0.921796
    6.240405  120.567873    0.966743
    6.740405  106.131131    1.031242
    7.240405   91.650354    1.126734
    7.740405   76.951343    1.274031
    8.240405   62.108751    1.510288
    8.740405   47.550250    1.904930
    9.240405   34.280498    2.575258
    9.740405   23.775604    3.638913
   10.240405   17.169128    4.939797
   10.740405   14.268112    5.847573
   11.240405 1316.239957    6.114979
    0.740405  312.895715    0.836077
    1.240405  290.965524    0.833752
    1.740405  270.328406    0.832030
    2.240405  250.792472    0.831424
    2.740405  232.194527    0.832533
    3.240405  214.399385    0.836061
    3.740405  197.365686    0.842545
    4.240405  181.030930    0.852781
    4.740405  165.289565    0.868061
    5.240405  150.035834    0.890196
    5.740405  135.163410    0.921796
    6.240405  120.567873    0.966743
    6.740405  106.131131    1.031242
    7.240405   91.650354    1.126734
    7.740405   76.951343    1.274031
    8.240405   62.108751    1.510288
    8.740405   47.550250    1.904930
    9.240405   34.280498    2.575258
    9.740405   23.775604    3.638913
   10.240405   17.169128    4.939797
   10.740405   14.268112    5.847573
   11.240405 1316.239957    6.114979
    0.740405  312.895715    0.836077
    1.240405  290.965524    0.833752
    1.740405  270.328406    0.832030
    2.240405  250.792472    0.831424
    2.740405  232.194527    0.832533
    3.240405  214.399385    0.836061
    3.740405  197.365686    0.842545
    4.240405  181.030930    0.852781
    4.740405  165.289565    0.868061
    5.240405  150.035834    0.890196
    5.740405  135.163410    0.921796
    6.240405  120.567873    0.966743
    6.740405  106.131131    1.031242
    7.240405   91.650354    1.126734
    7.740405   76.951343    1.274031
    8.240405   62.108751    1.510288
    8.740405   47.550250    1.904930
    9.240405   34.280498    2.575258
    9.740405   23.775604    3.638913
   10.240405   17.169128    4.939797
   10.740405   14.268112    5.847573
   11.240405 1316.239957    6.114979
    0.741576  312.869513    0.836099
    1.241576  290.942236    0.833772
    1.741576  270.307598    0.832050
    2.241576  250.773789    0.831443
    2.741576  232.177673    0.832552
    3.241576  214.384134    0.836080
    3.741576  197.351887    0.842565
    4.241576  181.018405    0.852802
    4.741576  165.278159    0.868084
    5.241576  150.025420    0.890221
    5.741576  135.153889    0.921825
    6.241576  120.559181    0.966777
    6.741576  106.123247    1.031283
    7.241576   91.643297    1.126784
    7.741576   76.945177    1.274096
    8.241576   62.103579    1.510374
    8.741576   47.546194    1.905046
    9.241576   34.277646    2.575412
    9.741576   23.773917    3.639087
   10.241576   17.168315    4.939920
   10.741576   14.267721    5.847609
   11.241576 1316.212312    6.114981
    0.741576  312.869513    0.836099
    1.241576  290.942236    0.833772
    1.741576  270.307598    0.832050
    2.241576  250.773789    0.831443
    2.741576  232.177673    0.832552
    3.241576  214.384134    0.836080
    3.741576  197.351887    0.842565
    4.241576  181.018405    0.852802
    4.741576  165.278159    0.868084
    5.241576  150.025420    0.890221
    5.741576  135.153889    0.921825
    6.241576  120.559181    0.966777
    6.741576  106.123247    1.031283
    7.241576   91.643297    1.126784
    7.741576   76.945177    1.274096
    8.241576   62.103579    1.510374
    8.741576   47.546194    1.905046
    9.241576   34.277646    2.575412
    9.741576   23.773917    3.639087
   10.241576   17.168315    4.939920
   10.741576   14.267721    5.847609
   11.241576 1316.212312    6.114981
    0.741576  312.869513    0.836099
    1.241576  290.942236    0.833772
    1.741576  270.307598    0.832050
    2.241576  250.773789    0.831443
    2.741576  232.177673    0.832552
    3.241576  214.384134    0.836080
    3.741576  197.351887    0.842565
    4.241576  181.018405    0.852802
    4.741576  165.278159    0.868084
    5.241576  150.025420    0.890221
    5.741576  135.153889    0.921825
    6.241576  120.559181    0.966777
    6.741576  106.123247    1.031283
    7.241576   91.643297    1.126784
    7.741576   76.945177    1.274096
    8.241576   62.103579    1.510374
    8.741576   47.546194    1.905046
    9.241576   34.277646    2.575412
    9.741576   23.773917    3.639087
   10.241576   17.168315    4.939920
   10.741576   14.267721    5.847609
   11.241576 1316.212312    6.114981
    0.723929  442.620348    0.909577
    1.223929  422.261661    0.888930
    1.723929  403.028671    0.866863
    2.223929  384.715660    0.843642
    2.723929  367.139371    0.819535
    3.223929  350.128729    0.794832
    3.723929  333.516694    0.769862
    4.223929  317.132762    0.745016
    4.723929  300.792963    0.720782
    5.223929  284.286786    0.697808
    5.723929  267.361439    0.676992
    6.223929  249.703069    0.659645
    6.723929  230.921606    0.647748
    7.223929  210.616755    0.644202
    7.723929  188.310224    0.653901
    8.223929  163.437609    0.685956
    8.723929  135.553499    0.758557
    9.223929  104.687255    0.913016
    9.723929   72.049896    1.260631
   10.223929   41.392287    2.151413
   10.723929   20.455276    4.249161
   11.223929 1324.349197    5.973320
    0.723929  442.620348    0.909577
    1.223929  422.261661    0.888930
    1.723929  403.028671    0.866863
    2.223929  384.715660    0.843642
    2.723929  367.139371    0.819535
    3.223929  350.128729    0.794832
    3.723929  333.516694    0.769862
    4.223929  317.132762    0.745016
    4.723929  300.792963    0.720782
    5.223929  284.286786    0.697808
    5.723929  267.361439    0.676992
    6.223929  249.703069    0.659645
    6.723929  230.921606    0.647748
    7.223929  210.616755    0.644202
    7.723929  188.310224    0.653901
    8.223929  163.437609    0.685956
    8.723929  135.553499    0.758557
    9.223929  104.687255    0.913016
    9.723929   72.049896    1.260631
   10.223929   41.392287    2.151413
   10.723929   20.455276    4.249161
   11.223929 1324.349197    5.973320
    0.723929  442.620348    0.909577
    1.223929  422.261661    0.888930
    1.723929  403.028671    0.866863
    2.223929  384.715660    0.843642
    2.723929  367.139371    0.819535
    3.223929  350.128729    0.794832
    3.723929  333.516694    0.769862
    4.223929  317.132762    0.745016
    4.723929  300.792963    0.720782
    5.223929  284.286786    0.697808
    5.723929  267.361439    0.676992
    6.223929  249.703069    0.659645
    6.723929  230.921606    0.647748
    7.223929  210.616755    0.644202
    7.723929  188.310224    0.653901
    8.223929  163.437609    0.685956
    8.723929  135.553499    0.758557
    9.223929  104.687255    0.913016
    9.723929   72.049896    1.260631
   10.223929   41.392287    2.151413
   10.723929   20.455276    4.249161
   11.223929 1324.349197    5.973320
    0.721581  480.929820    0.944954
    1.221581  460.208742    0.923099
    1.721581  440.644303    0.899700
    2.221581  422.032551    0.875001
    2.721581  404.197561    0.849232
    3.221581  386.981368    0.822623
    3.721581  370.235347    0.795415
    4.221581  353.812014    0.767882
    4.721581  337.556482    0.740349
    5.221581  321.296553    0.713226
    5.721581  304.830389    0.687052
    6.221581  287.910578    0.662577
    6.721581  270.223515    0.640881
    7.221581  251.363798    0.623604
    7.721581  230.809313    0.613352
    8.221581  207.989800    0.614261
    8.721581  182.284481    0.633670
    9.221581  153.049577    0.686404
    9.721581  120.027502    0.805933
   10.221581   84.097264    1.082816
   10.721581   48.798783    1.820811
   11.221581   22.805881    3.839690
   11.721581 1314.804849    5.911484
    0.721581  480.929820    0.944954
    1.221581  460.208742    0.923099
    1.721581  440.644303    0.899700
    2.221581  422.032551    0.875001
    2.721581  404.197561    0.849232
    3.221581  386.981368    0.822623
    3.721581  370.235347    0.795415
    4.221581  353.812014    0.767882
    4.721581  337.556482    0.740349
    5.221581  321.296553    0.713226
    5.721581  304.830389    0.687052
    6.221581  287.910578    0.662577
    6.721581  270.223515    0.640881
    7.221581  251.363798    0.623604
    7.721581  230.809313    0.613352
    8.221581  207.989800    0.614261
    8.721581  182.284481    0.633670
    9.221581  153.049577    0.686404
    9.721581  120.027502    0.805933
   10.221581   84.097264    1.082816
   10.721581   48.798783    1.820811
   11.221581   22.805881    3.839690
   11.721581 1314.804849    5.911484
    0.721581  480.929820    0.944954
    1.221581  460.208742    0.923099
    1.721581  440.644303    0.899700
    2.221581  422.032551    0.875001
    2.721581  404.197561    0.849232
    3.221581  386.981368    0.822623
    3.721581  370.235347    0.795415
    4.221581  353.812014    0.767882
    4.721581  337.556482    0.740349
    5.221581  321.296553    0.713226
    5.721581  304.830389    0.687052
    6.221581  287.910578    0.662577
    6.721581  270.223515    0.640881
    7.221581  251.363798    0.623604
    7.721581  230.809313    0.613352
    8.221581  207.989800    0.614261
    8.721581  182.284481    0.633670
    9.221581  153.049577    0.686404
    9.721581  120.027502    0.805933
   10.221581   84.097264    1.082816
   10.721581   48.798783    1.820811
   11.221581   22.805881    3.839690
   11.721581 1314.804849    5.911484
    0.719611  477.147202    0.977424
    1.219611  457.109900    0.955904
    1.719611  438.185660    0.932841
    2.219611  420.186866    0.908463
    2.719611  402.952991    0.882982
    3.219611  386.341604    0.856603
    3.719611  370.220894    0.829540
    4.219611  354.462899    0.802026
    4.719611  338.936568    0.774329
    5.219611  323.500092    0.746780
    5.719611  307.991757    0.719799
    6.219611  292.218393    0.693952
    6.719611  275.940339    0.670030
    7.219611  258.852042    0.649181
    7.719611  240.558504    0.633157
    8.219611  220.572204    0.624698
    8.719611  198.393590    0.628097
    9.219611  173.412535    0.651300
    9.719611  145.059310    0.710240
   10.219611  113.183826    0.840987
   10.719611   78.787040    1.141209
   11.219611   45.486037    1.932775
   11.719611   21.618027    3.992507
   12.219611 1302.973458    5.937769
    0.719611  477.147202    0.977424
    1.219611  457.109900    0.955904
    1.719611  438.185660    0.932841
    2.219611  420.186866    0.908463
    2.719611  402.952991    0.882982
    3.219611  386.341604    0.856603
    3.719611  370.220894    0.829540
    4.219611  354.462899    0.802026
    4.719611  338.936568    0.774329
    5.219611  323.500092    0.746780
    5.719611  307.991757    0.719799
    6.219611  292.218393    0.693952
    6.719611  275.940339    0.670030
    7.219611  258.852042    0.649181
    7.719611  240.558504    0.633157
    8.219611  220.572204    0.624698
    8.719611  198.393590    0.628097
    9.219611  173.412535    0.651300
    9.719611  145.059310    0.710240
   10.219611  113.183826    0.840987
   10.719611   78.787040    1.141209
   11.219611   45.486037    1.932775
   11.719611   21.618027    3.992507
   12.219611 1302.973458    5.937769
    0.719611  477.147202    0.977424
    1.219611  457.109900    0.955904
    1.719611  438.185660    0.932841
    2.219611  420.186866    0.908463
    2.719611  402.952991    0.882982
    3.219611  386.341604    0.856603
    3.719611  370.220894    0.829540
    4.219611  354.462899    0.802026
    4.719611  338.936568    0.774329
    5.219611  323.500092    0.746780
    5.719611  307.991757    0.719799
    6.219611  292.218393    0.693952
    6.719611  275.940339    0.670030
    7.219611  258.852042    0.649181
    7.719611  240.558504    0.633157
    8.219611  220.572204    0.624698
    8.719611  198.393590    0.628097
    9.219611  173.412535    0.651300
    9.719611  145.059310    0.710240
   10.219611  113.183826    0.840987
   10.719611   78.787040    1.141209
   11.219611   45.486037    1.932775
   11.719611   21.618027    3.992507
   12.219611 1302.973458    5.937769
    0.718419  464.688631    1.043823
    1.218419  446.117361    1.022979
    1.718419  428.572370    1.000581
    2.218419  411.891352    0.976840
    2.718419  395.936654    0.951945
    3.218419  380.588150    0.926075
    3.718419  365.737500    0.899408
    4.218419  351.283174    0.872128
    4.718419  337.125843    0.844437
    5.218419  323.163645    0.816566
    5.718419  309.286745    0.788794
    6.218419  295.370421    0.761477
    6.718419  281.266967    0.735081
    7.218419  266.796543    0.710240
    7.718419  251.732540    0.687856
    8.218419  235.784160    0.669251
    8.718419  218.596834    0.656405
    9.218419  199.807603    0.652208
    9.718419  178.934204    0.661734
   10.218419  155.445631    0.694307
   10.718419  128.939865    0.768564
   11.218419   99.494727    0.926888
   11.718419   68.359848    1.283311
   12.218419   39.256338    2.191620
   12.718419   19.581874    4.284004
   13.218419 1280.371936    5.973075
    0.718419  464.688631    1.043823
    1.218419  446.117361    1.022979
    1.718419  428.572370    1.000581
    2.218419  411.891352    0.976840
    2.718419  395.936654    0.951945
    3.218419  380.588150    0.926075
    3.718419  365.737500    0.899408
    4.218419  351.283174    0.872128
    4.718419  337.125843    0.844437
    5.218419  323.163645    0.816566
    5.718419  309.286745    0.788794
    6.218419  295.370421    0.761477
    6.718419  281.266967    0.735081
    7.218419  266.796543    0.710240
    7.718419  251.732540    0.687856
    8.218419  235.784160    0.669251
    8.718419  218.596834    0.656405
    9.218419  199.807603    0.652208
    9.718419  178.934204    0.661734
   10.218419  155.445631    0.694307
   10.718419  128.939865    0.768564
   11.218419   99.494727    0.926888
   11.718419   68.359848    1.283311
   12.218419   39.256338    2.191620
   12.718419   19.581874    4.284004
   13.218419 1280.371936    5.973075
    0.718419  464.688631    1.043823
    1.218419  446.117361    1.022979
    1.718419  428.572370    1.000581
    2.218419  411.891352    0.976840
    2.718419  395.936654    0.951945
    3.218419  380.588150    0.926075
    3.718419  365.737500    0.899408
    4.218419  351.283174    0.872128
    4.718419  337.125843    0.844437
    5.218419  323.163645    0.816566
    5.718419  309.286745    0.788794
    6.218419  295.370421    0.761477
    6.718419  281.266967    0.735081
    7.218419  266.796543    0.710240
    7.718419  251.732540    0.687856
    8.218419  235.784160    0.669251
    8.718419  218.596834    0.656405
    9.218419  199.807603    0.652208
    9.718419  178.934204    0.661734
   10.218419  155.445631    0.694307
   10.718419  128.939865    0.768564
   11.218419   99.494727    0.926888
   11.718419   68.359848    1.283311
   12.218419   39.256338    2.191620
   12.718419   19.581874    4.284004
   13.218419 1280.371936    5.973075
    0.719310  459.359555    1.076888
    1.219310  441.432914    1.056355
    1.719310  424.493628    1.034265
    2.219310  408.389379    1.010819
    2.719310  392.991307    0.986202
    3.219310  378.187603    0.960582
    3.719310  363.878538    0.934127
    4.219310  349.972268    0.907001
    4.719310  336.381340    0.879381
    5.219310  323.018181    0.851464
    5.719310  309.789609    0.823483
    6.219310  296.592356    0.795727
    6.719310  283.307504    0.768565
    7.219310  269.792718    0.742488
    7.719310  255.872049    0.718168
    8.219310  241.322766    0.696565
    8.719310  225.861053    0.679095
    9.219310  209.182047    0.667744
    9.719310  190.927355    0.665622
   10.219310  170.624066    0.678215
   10.719310  147.789856    0.715521
   11.219310  122.097947    0.797570
   11.719310   93.725035    0.969979
   12.219310   64.021737    1.354867
   12.719310   36.726230    2.318382
   13.219310   18.768323    4.413103
   13.719310 1269.674634    5.988120
    0.719310  459.359555    1.076888
    1.219310  441.432914    1.056355
    1.719310  424.493628    1.034265
    2.219310  408.389379    1.010819
    2.719310  392.991307    0.986202
    3.219310  378.187603    0.960582
    3.719310  363.878538    0.934127
    4.219310  349.972268    0.907001
    4.719310  336.381340    0.879381
    5.219310  323.018181    0.851464
    5.719310  309.789609    0.823483
    6.219310  296.592356    0.795727
    6.719310  283.307504    0.768565
    7.219310  269.792718    0.742488
    7.719310  255.872049    0.718168
    8.219310  241.322766    0.696565
    8.719310  225.861053    0.679095
    9.219310  209.182047    0.667744
    9.719310  190.927355    0.665622
   10.219310  170.624066    0.678215
   10.719310  147.789856    0.715521
   11.219310  122.097947    0.797570
   11.719310   93.725035    0.969979
   12.219310   64.021737    1.354867
   12.719310   36.726230    2.318382
   13.219310   18.768323    4.413103
   13.719310 1269.674634    5.988120
    0.719310  459.359555    1.076888
    1.219310  441.432914    1.056355
    1.719310  424.493628    1.034265
    2.219310  408.389379    1.010819
    2.719310  392.991307    0.986202
    3.219310  378.187603    0.960582
    3.719310  363.878538    0.934127
    4.219310  349.972268    0.907001
    4.719310  336.381340    0.879381
    5.219310  323.018181    0.851464
    5.719310  309.789609    0.823483
    6.219310  296.592356    0.795727
    6.719310  283.307504    0.768565
    7.219310  269.792718    0.742488
    7.719310  255.872049    0.718168
    8.219310  241.322766    0.696565
    8.719310  225.861053    0.679095
    9.219310  209.182047    0.667744
    9.719310  190.927355    0.665622
   10.219310  170.624066    0.678215
   10.719310  147.789856    0.715521
   11.219310  122.097947    0.797570
   11.719310   93.725035    0.969979
   12.219310   64.021737    1.354867
   12.719310   36.726230    2.318382
   13.219310   18.768323    4.413103
   13.719310 1269.674634    5.988120
    0.718293  454.938670    1.046525
    1.218293  436.862481    1.025538
    1.718293  419.763936    1.003042
    2.218293  403.488273    0.979244
    2.718293  387.903858    0.954331
    3.218293  372.895544    0.928484
    3.718293  358.359163    0.901878
    4.218293  344.196488    0.874699
    4.718293  330.310897    0.847152
    5.218293  316.602484    0.819475
    5.718293  302.961987    0.791957
    6.218293  289.265125    0.764967
    6.718293  275.365094    0.738993
    7.218293  261.081935    0.714697
    7.718293  246.189134    0.693025
    8.218293  230.397633    0.675367
    8.718293  213.383055    0.663721
    9.218293  194.790697    0.661110
    9.718293  174.143038    0.672892
   10.218293  150.942833    0.708848
   10.718293  124.839546    0.788560
   11.218293   95.979108    0.956606
   11.718293   65.682776    1.332508
   12.218293   37.693058    2.278711
   12.718293   19.115756    4.373934
   13.218293 1280.013240    5.983895
    0.718293  454.938670    1.046525
    1.218293  436.862481    1.025538
    1.718293  419.763936    1.003042
    2.218293  403.488273    0.979244
    2.718293  387.903858    0.954331
    3.218293  372.895544    0.928484
    3.718293  358.359163    0.901878
    4.218293  344.196488    0.874699
    4.718293  330.310897    0.847152
    5.218293  316.602484    0.819475
    5.718293  302.961987    0.791957
    6.218293  289.265125    0.764967
    6.718293  275.365094    0.738993
    7.218293  261.081935    0.714697
    7.718293  246.189134    0.693025
    8.218293  230.397633    0.675367
    8.718293  213.383055    0.663721
    9.218293  194.790697    0.661110
    9.718293  174.143038    0.672892
   10.218293  150.942833    0.708848
   10.718293  124.839546    0.788560
   11.218293   95.979108    0.956606
   11.718293   65.682776    1.332508
   12.218293   37.693058    2.278711
   12.718293   19.115756    4.373934
   13.218293 1280.013240    5.983895
    0.718293  454.938670    1.046525
    1.218293  436.862481    1.025538
    1.718293  419.763936    1.003042
    2.218293  403.488273    0.979244
    2.718293  387.903858    0.954331
    3.218293  372.895544    0.928484
    3.718293  358.359163    0.901878
    4.218293  344.196488    0.874699
    4.718293  330.310897    0.847152
    5.218293  316.602484    0.819475
    5.718293  302.961987    0.791957
    6.218293  289.265125    0.764967
    6.718293  275.365094    0.738993
    7.218293  261.081935    0.714697
    7.718293  246.189134    0.693025
    8.218293  230.397633    0.675367
    8.718293  213.383055    0.663721
    9.218293  194.790697    0.661110
    9.718293  174.143038    0.672892
   10.218293  150.942833    0.708848
   10.718293  124.839546    0.788560
   11.218293   95.979108    0.956606
   11.718293   65.682776    1.332508
   12.218293   37.693058    2.278711
   12.718293   19.115756    4.373934
   13.218293 1280.013240    5.983895
    0.721281  465.746477    0.980131
    1.221281  446.280203    0.958524
    1.721281  427.870690    0.935424
    2.221281  410.340038    0.911054
    2.721281  393.535363    0.885625
    3.221281  377.319860    0.859341
    3.721281  361.566547    0.832419
    4.221281  346.151121    0.805095
    4.721281  330.944649    0.777647
    5.221281  315.805399    0.750420
    5.721281  300.572293    0.723858
    6.221281  285.053328    0.698552
    6.721281  269.010338    0.675332
    7.221281  252.140049    0.655410
    7.721281  234.052108    0.640633
    8.221281  214.300023    0.633806
    8.721281  192.405438    0.639442
    9.221281  167.774281    0.665983
    9.721281  139.896226    0.730288
   10.221281  108.705089    0.870594
   10.721281   75.297953    1.190331
   11.221281   43.350431    2.024295
   11.721281   20.927716    4.105490
   12.221281 1302.400603    5.954326
    0.721281  465.746477    0.980131
    1.221281  446.280203    0.958524
    1.721281  427.870690    0.935424
    2.221281  410.340038    0.911054
    2.721281  393.535363    0.885625
    3.221281  377.319860    0.859341
    3.721281  361.566547    0.832419
    4.221281  346.151121    0.805095
    4.721281  330.944649    0.777647
    5.221281  315.805399    0.750420
    5.721281  300.572293    0.723858
    6.221281  285.053328    0.698552
    6.721281  269.010338    0.675332
    7.221281  252.140049    0.655410
    7.721281  234.052108    0.640633
    8.221281  214.300023    0.633806
    8.721281  192.405438    0.639442
    9.221281  167.774281    0.665983
    9.721281  139.896226    0.730288
   10.221281  108.705089    0.870594
   10.721281   75.297953    1.190331
   11.221281   43.350431    2.024295
   11.721281   20.927716    4.105490
   12.221281 1302.400603    5.954326
    0.721281  465.746477    0.980131
    1.221281  446.280203    0.958524
    1.721281  427.870690    0.935424
    2.221281  410.340038    0.911054
    2.721281  393.535363    0.885625
    3.221281  377.319860    0.859341
    3.721281  361.566547    0.832419
    4.221281  346.151121    0.805095
    4.721281  330.944649    0.777647
    5.221281  315.805399    0.750420
    5.721281  300.572293    0.723858
    6.221281  285.053328    0.698552
    6.721281  269.010338    0.675332
    7.221281  252.140049    0.655410
    7.721281  234.052108    0.640633
    8.221281  214.300023    0.633806
    8.721281  192.405438    0.639442
    9.221281  167.774281    0.665983
    9.721281  139.896226    0.730288
   10.221281  108.705089    0.870594
   10.721281   75.297953    1.190331
   11.221281   43.350431    2.024295
   11.721281   20.927716    4.105490
   12.221281 1302.400603    5.954326
    0.724442  481.084170    0.945106
    1.224442  460.403097    0.923160
    1.724442  440.864759    0.899692
    2.224442  422.268274    0.874939
    2.724442  404.440369    0.849131
    3.224442  387.225419    0.822491
    3.724442  370.476688    0.795259
    4.224442  354.048327    0.767706
    4.724442  337.786700    0.740154
    5.224442  321.520316    0.713010
    5.724442  305.047401    0.686814
    6.224442  288.120157    0.662313
    6.724442  270.424430    0.640590
    7.224442  251.554242    0.623282
    7.724442  230.986781    0.612994
    8.224442  208.150344    0.613862
    8.724442  182.424643    0.633215
    9.224442  153.164905    0.685873
    9.724442  120.111367    0.805303
   10.224442   84.140354    1.082135
   10.724442   48.792485    1.820997
   11.224442   22.767959    3.846177
   11.724442 1314.633881    5.915592
    0.724442  481.084170    0.945106
    1.224442  460.403097    0.923160
    1.724442  440.864759    0.899692
    2.224442  422.268274    0.874939
    2.724442  404.440369    0.849131
    3.224442  387.225419    0.822491
    3.724442  370.476688    0.795259
    4.224442  354.048327    0.767706
    4.724442  337.786700    0.740154
    5.224442  321.520316    0.713010
    5.724442  305.047401    0.686814
    6.224442  288.120157    0.662313
    6.724442  270.424430    0.640590
    7.224442  251.554242    0.623282
    7.724442  230.986781    0.612994
    8.224442  208.150344    0.613862
    8.724442  182.424643    0.633215
    9.224442  153.164905    0.685873
    9.724442  120.111367    0.805303
   10.224442   84.140354    1.082135
   10.724442   48.792485    1.820997
   11.224442   22.767959    3.846177
   11.724442 1314.633881    5.915592
    0.724442  481.084170    0.945106
    1.224442  460.403097    0.923160
    1.724442  440.864759    0.899692
    2.224442  422.268274    0.874939
    2.724442  404.440369    0.849131
    3.224442  387.225419    0.822491
    3.724442  370.476688    0.795259
    4.224442  354.048327    0.767706
    4.724442  337.786700    0.740154
    5.224442  321.520316    0.713010
    5.724442  305.047401    0.686814
    6.224442  288.120157    0.662313
    6.724442  270.424430    0.640590
    7.224442  251.554242    0.623282
    7.724442  230.986781    0.612994
    8.224442  208.150344    0.613862
    8.724442  182.424643    0.633215
    9.224442  153.164905    0.685873
    9.724442  120.111367    0.805303
   10.224442   84.140354    1.082135
   10.724442   48.792485    1.820997
   11.224442   22.767959    3.846177
   11.724442 1314.633881    5.915592
    0.723855  482.754810    0.912839
    1.223855  461.465597    0.890515
    1.723855  441.346320    0.866689
    2.223855  422.180563    0.841618
    2.723855  403.779439    0.815549
    3.223855  385.970246    0.788736
    3.723855  368.586427    0.761459
    4.223855  351.457681    0.734041
    4.723855  334.399039    0.706884
    5.223855  317.197696    0.680512
    5.723855  299.596245    0.655642
    6.223855  281.270994    0.633304
    6.723855  261.804764    0.615051
    7.223855  240.656230    0.603347
    7.723855  217.181478    0.602219
    8.223855  190.735024    0.618556
    8.723855  160.619830    0.666271
    9.223855  126.480879    0.776764
    9.723855   89.085206    1.034981
   10.223855   51.898929    1.730178
   10.723855   23.897907    3.716372
   11.223855 1326.799272    5.892979
    0.723855  482.754810    0.912839
    1.223855  461.465597    0.890515
    1.723855  441.346320    0.866689
    2.223855  422.180563    0.841618
    2.723855  403.779439    0.815549
    3.223855  385.970246    0.788736
    3.723855  368.586427    0.761459
    4.223855  351.457681    0.734041
    4.723855  334.399039    0.706884
    5.223855  317.197696    0.680512
    5.723855  299.596245    0.655642
    6.223855  281.270994    0.633304
    6.723855  261.804764    0.615051
    7.223855  240.656230    0.603347
    7.723855  217.181478    0.602219
    8.223855  190.735024    0.618556
    8.723855  160.619830    0.666271
    9.223855  126.480879    0.776764
    9.723855   89.085206    1.034981
   10.223855   51.898929    1.730178
   10.723855   23.897907    3.716372
   11.223855 1326.799272    5.892979
    0.723855  482.754810    0.912839
    1.223855  461.465597    0.890515
    1.723855  441.346320    0.866689
    2.223855  422.180563    0.841618
    2.723855  403.779439    0.815549
    3.223855  385.970246    0.788736
    3.723855  368.586427    0.761459
    4.223855  351.457681    0.734041
    4.723855  334.399039    0.706884
    5.223855  317.197696    0.680512
    5.723855  299.596245    0.655642
    6.223855  281.270994    0.633304
    6.723855  261.804764    0.615051
    7.223855  240.656230    0.603347
    7.723855  217.181478    0.602219
    8.223855  190.735024    0.618556
    8.723855  160.619830    0.666271
    9.223855  126.480879    0.776764
    9.723855   89.085206    1.034981
   10.223855   51.898929    1.730178
   10.723855   23.897907    3.716372
   11.223855 1326.799272    5.892979
    0.724212  459.604586    0.910288
    1.224212  438.756095    0.889062
    1.724212  419.069709    0.866363
    2.224212  400.332703    0.842452
    2.724212  382.357679    0.817588
    3.224212  364.971832    0.792045
    3.724212  348.007679    0.766129
    4.224212  331.294032    0.740198
    4.724212  314.645625    0.714702
    5.224212  297.850146    0.690231
    5.724212  280.652002    0.667599
    6.224212  262.732214    0.647987
    6.724212  243.684469    0.633182
    7.224212  223.016830    0.625972
    7.724212  200.231268    0.630713
    8.224212  174.713236    0.655505
    8.724212  145.899878    0.716556
    9.224212  113.660533    0.850521
    9.724212   79.026868    1.156405
   10.224212   45.648452    1.957950
   10.724212   21.835701    4.015718
   11.224212 1325.446232    5.938232
    0.724212  459.604586    0.910288
    1.224212  438.756095    0.889062
    1.724212  419.069709    0.866363
    2.224212  400.332703    0.842452
    2.724212  382.357679    0.817588
    3.224212  364.971832    0.792045
    3.724212  348.007679    0.766129
    4.224212  331.294032    0.740198
    4.724212  314.645625    0.714702
    5.224212  297.850146    0.690231
    5.724212  280.652002    0.667599
    6.224212  262.732214    0.647987
    6.724212  243.684469    0.633182
    7.224212  223.016830    0.625972
    7.724212  200.231268    0.630713
    8.224212  174.713236    0.655505
    8.724212  145.899878    0.716556
    9.224212  113.660533    0.850521
    9.724212   79.026868    1.156405
   10.224212   45.648452    1.957950
   10.724212   21.835701    4.015718
   11.224212 1325.446232    5.938232
    0.724212  459.604586    0.910288
    1.224212  438.756095    0.889062
    1.724212  419.069709    0.866363
    2.224212  400.332703    0.842452
    2.724212  382.357679    0.817588
    3.224212  364.971832    0.792045
    3.724212  348.007679    0.766129
    4.224212  331.294032    0.740198
    4.724212  314.645625    0.714702
    5.224212  297.850146    0.690231
    5.724212  280.652002    0.667599
    6.224212  262.732214    0.647987
    6.724212  243.684469    0.633182
    7.224212  223.016830    0.625972
    7.724212  200.231268    0.630713
    8.224212  174.713236    0.655505
    8.724212  145.899878    0.716556
    9.224212  113.660533    0.850521
    9.724212   79.026868    1.156405
   10.224212   45.648452    1.957950
   10.724212   21.835701    4.015718
   11.224212 1325.446232    5.938232
