       -0.00200        0.00000       -7.25000      421.75046       23.61855       23.37500       -0.25000     4628.73408        0.00000   128000.00000
       -0.00200        0.00000       -7.25000      429.84235       23.56003       23.37500       -0.25000     4593.81286        0.00000   128000.00000
       -0.00200        0.00000       -7.25000      437.33447       23.49315       23.37500       -0.25000     4554.00597        0.00000   128000.00000
       -0.00200        0.00000       -7.75000      451.68246       23.34439       21.62500       -0.25000     4465.16259        0.00000   128000.00000
       -0.00200        0.00000       -7.75000      457.40543       23.26624       21.62500       -0.25000     4418.18054        0.00000   128000.00000
       -0.00200        0.00000       -7.75000      451.68250       23.34439       21.62500       -0.25000     4465.16259        0.00000   128000.00000
       -0.00200        0.00000       -7.25000      437.33447       23.49315       23.37500       -0.25000     4554.00597        0.00000   128000.00000
       -0.00200        0.00000       -7.25000      429.84238       23.56003       23.37500       -0.25000     4593.81286        0.00000   128000.00000
       -0.00200        0.00000       -7.25000      421.75046       23.61855       23.37500       -0.25000     4628.73408        0.00000   128000.00000
       -0.00200        0.00000       -7.25000      421.75046       23.61855       23.37500       -0.25000     4628.73408        0.00000   128000.00000
       -0.00168        0.00000       -7.24169      421.92371       23.61912       23.37500       -0.24584     4626.72557        0.00000   128000.00000
       -0.00132        0.00000       -7.24032      430.04501       23.56066       23.37500       -0.24516     4591.56839        0.00000   128000.00000
       -0.00189        0.00000       -7.23989      437.54694       23.49377       23.37500       -0.24495     4551.48383        0.00000   128000.00000
       -0.00113        0.00000       -7.73913      451.91257       23.34501       21.62500       -0.24456     4462.65497        0.00000   128000.00000
       -0.00167        0.00000       -7.73967      457.62442       23.26682       21.62500       -0.24483     4415.64530        0.00000   128000.00000
       -0.00178        0.00000       -7.73978      451.89886       23.34497       21.62500       -0.24489     4462.63183        0.00000   128000.00000
       -0.00196        0.00000       -7.23996      437.54541       23.49377       23.37500       -0.24498     4551.48108        0.00000   128000.00000
       -0.00110        0.00000       -7.24010      430.04980       23.56067       23.37500       -0.24505     4591.57743        0.00000   128000.00000
       -0.00140        0.00000       -7.24041      421.95041       23.61921       23.37500       -0.24520     4626.48441        0.00000   128000.00000
       -0.00158        0.00000       -7.24158      421.92593       23.61913       23.37500       -0.24579     4626.73016        0.00000   128000.00000
       -0.00193        0.00000       -5.72393      634.71002       23.87945       23.87498       -0.23696     4660.51975        0.00000   128000.00000
       -0.00158        0.00000       -5.22158      713.55939       24.09528       24.09090       -0.23579     4786.24501        0.00000   128000.00000
       -0.00161        0.00000        0.23481      764.40918       23.79296       23.75756       -0.23481     4640.90357        0.00000   128000.00000
       -0.00142        0.00000        0.23421      793.41309       23.26888       23.25179       -0.23421     4333.23147        0.00000   128000.00000
       -0.00131        0.00000       -3.21931      770.59924       23.09288       23.09249       -0.23465     4194.96335        0.00000   128000.00000
       -0.00129        0.00000        0.23415      778.71661       23.07094       23.06699       -0.23415     4194.50525        0.00000   128000.00000
       -0.00128        0.00000        0.23564      748.14465       23.52670       23.51167       -0.23564     4488.49151        0.00000   128000.00000
       -0.00144        0.00000        0.23722      746.04376       24.00326       23.97715       -0.23722     4768.44079        0.00000   128000.00000
       -0.00185        0.00000       -5.72385      693.95679       24.26021       24.25785       -0.23693     4881.83082        0.00000   128000.00000
       -0.00121        0.00000       -5.72421      659.27856       24.13164       24.11418       -0.23711     4788.06624        0.00000   128000.00000
