DOUBLE PLUME SIMULATION ----------------------------                            
Run number = 202604161250,  Start date of run:   7/ 9/2022 at 0300 hours
i = 162  j =  84  km =  20   dt =20.00 sec  hhs =10.000 m   dz = 0.50 m
iexplt = 0  itrap = 1  cd =  0.0020  ismooth = 0  beta = 0.050 niter = 2
iextrp = 0  f = 0.0001  tramp=      0.0  iupwind = 0
    time       step       zeta    depth       u         v       w          Av               Dv        scalar     Tracers-> 
     hrs        no         cm        m       cm/s      cm/s     cm/s       cm2/s           cm2/s       oC          g/l   -> 
     0.0000         0     0.00     0.50      0.00      0.00   0.0000      0.0000000      0.0000000       26.96150        0.00000     6961.53857      -99.00000      -99.00000      -99.00000      -99.00000      -99.00000      -99.00000      -99.00000      -99.00000      -99.00000      -99.00000      -99.00000      -99.00000      -99.00000      -99.00000      -99.00000      -99.00000      -99.00000      -99.00000      -99.00000      -99.00000      -99.00000      -99.00000      -99.00000
                                   1.00      0.00      0.00   0.0000      0.0000000      0.0000000       26.88460        0.00000     6884.61523      -99.00000      -99.00000      -99.00000      -99.00000      -99.00000      -99.00000      -99.00000      -99.00000      -99.00000      -99.00000      -99.00000      -99.00000      -99.00000      -99.00000      -99.00000      -99.00000      -99.00000      -99.00000      -99.00000      -99.00000      -99.00000      -99.00000      -99.00000
                                   1.50      0.00      0.00   0.0000      0.0000000      0.0000000       26.80770        0.00000     6807.69238      -99.00000      -99.00000      -99.00000      -99.00000      -99.00000      -99.00000      -99.00000      -99.00000      -99.00000      -99.00000      -99.00000      -99.00000      -99.00000      -99.00000      -99.00000      -99.00000      -99.00000      -99.00000      -99.00000      -99.00000      -99.00000      -99.00000      -99.00000
                                   2.00      0.00      0.00   0.0000      0.0000000      0.0000000       26.73080        0.00000     6730.76904      -99.00000      -99.00000      -99.00000      -99.00000      -99.00000      -99.00000      -99.00000      -99.00000      -99.00000      -99.00000      -99.00000      -99.00000      -99.00000      -99.00000      -99.00000      -99.00000      -99.00000      -99.00000      -99.00000      -99.00000      -99.00000      -99.00000      -99.00000
                                   2.50      0.00      0.00   0.0000      0.0000000      0.0000000       26.65380        0.00000     6653.84619      -99.00000      -99.00000      -99.00000      -99.00000      -99.00000      -99.00000      -99.00000      -99.00000      -99.00000      -99.00000      -99.00000      -99.00000      -99.00000      -99.00000      -99.00000      -99.00000      -99.00000      -99.00000      -99.00000      -99.00000      -99.00000      -99.00000      -99.00000
                                   3.00      0.00      0.00   0.0000      0.0000000      0.0000000       26.57690        0.00000     6576.92334      -99.00000      -99.00000      -99.00000      -99.00000      -99.00000      -99.00000      -99.00000      -99.00000      -99.00000      -99.00000      -99.00000      -99.00000      -99.00000      -99.00000      -99.00000      -99.00000      -99.00000      -99.00000      -99.00000      -99.00000      -99.00000      -99.00000      -99.00000
                                   3.50      0.00      0.00   0.0000      0.0000000      0.0000000       26.50000        0.00000     6500.00000      -99.00000      -99.00000      -99.00000      -99.00000      -99.00000      -99.00000      -99.00000      -99.00000      -99.00000      -99.00000      -99.00000      -99.00000      -99.00000      -99.00000      -99.00000      -99.00000      -99.00000      -99.00000      -99.00000      -99.00000      -99.00000      -99.00000      -99.00000
                                   4.00      0.00      0.00   0.0000      0.0000000      0.0000000       26.42310        0.00000     6423.07666      -99.00000      -99.00000      -99.00000      -99.00000      -99.00000      -99.00000      -99.00000      -99.00000      -99.00000      -99.00000      -99.00000      -99.00000      -99.00000      -99.00000      -99.00000      -99.00000      -99.00000      -99.00000      -99.00000      -99.00000      -99.00000      -99.00000      -99.00000
                                   4.50      0.00      0.00   0.0000      0.0000000      0.0000000       26.34620        0.00000     6346.15381      -99.00000      -99.00000      -99.00000      -99.00000      -99.00000      -99.00000      -99.00000      -99.00000      -99.00000      -99.00000      -99.00000      -99.00000      -99.00000      -99.00000      -99.00000      -99.00000      -99.00000      -99.00000      -99.00000      -99.00000      -99.00000      -99.00000      -99.00000
                                   5.00      0.00      0.00   0.0000      0.0000000      0.0000000       26.26920        0.00000     6269.23096      -99.00000      -99.00000      -99.00000      -99.00000      -99.00000      -99.00000      -99.00000      -99.00000      -99.00000      -99.00000      -99.00000      -99.00000      -99.00000      -99.00000      -99.00000      -99.00000      -99.00000      -99.00000      -99.00000      -99.00000      -99.00000      -99.00000      -99.00000
                                   5.50      0.00      0.00   0.0000      0.0000000      0.0000000       26.19230        0.00000     6192.30762      -99.00000      -99.00000      -99.00000      -99.00000      -99.00000      -99.00000      -99.00000      -99.00000      -99.00000      -99.00000      -99.00000      -99.00000      -99.00000      -99.00000      -99.00000      -99.00000      -99.00000      -99.00000      -99.00000      -99.00000      -99.00000      -99.00000      -99.00000
                                   6.00      0.00      0.00   0.0000      0.0000000      0.0000000       26.11540        0.00000     6115.38477      -99.00000      -99.00000      -99.00000      -99.00000      -99.00000      -99.00000      -99.00000      -99.00000      -99.00000      -99.00000      -99.00000      -99.00000      -99.00000      -99.00000      -99.00000      -99.00000      -99.00000      -99.00000      -99.00000      -99.00000      -99.00000      -99.00000      -99.00000
                                   6.50      0.00      0.00   0.0000      0.0000000      0.0000000       26.03850        0.00000     6038.46143      -99.00000      -99.00000      -99.00000      -99.00000      -99.00000      -99.00000      -99.00000      -99.00000      -99.00000      -99.00000      -99.00000      -99.00000      -99.00000      -99.00000      -99.00000      -99.00000      -99.00000      -99.00000      -99.00000      -99.00000      -99.00000      -99.00000      -99.00000
                                   7.00      0.00      0.00   0.0000      0.0000000      0.0000000       25.12500        0.00000     5500.00000      -99.00000      -99.00000      -99.00000      -99.00000      -99.00000      -99.00000      -99.00000      -99.00000      -99.00000      -99.00000      -99.00000      -99.00000      -99.00000      -99.00000      -99.00000      -99.00000      -99.00000      -99.00000      -99.00000      -99.00000      -99.00000      -99.00000      -99.00000
                                   7.50      0.00      0.00   0.0000      0.0000000      0.0000000       23.37500        0.00000     4500.00000      -99.00000      -99.00000      -99.00000      -99.00000      -99.00000      -99.00000      -99.00000      -99.00000      -99.00000      -99.00000      -99.00000      -99.00000      -99.00000      -99.00000      -99.00000      -99.00000      -99.00000      -99.00000      -99.00000      -99.00000      -99.00000      -99.00000      -99.00000
                                   8.00      0.00      0.00   0.0000      0.0000000      0.0000000       21.62500        0.00000     3500.00000      -99.00000      -99.00000      -99.00000      -99.00000      -99.00000      -99.00000      -99.00000      -99.00000      -99.00000      -99.00000      -99.00000      -99.00000      -99.00000      -99.00000      -99.00000      -99.00000      -99.00000      -99.00000      -99.00000      -99.00000      -99.00000      -99.00000      -99.00000
                                   8.50      0.00      0.00   0.0000      0.0000000      0.0000000       19.87500        0.00000     2500.00000      -99.00000      -99.00000      -99.00000      -99.00000      -99.00000      -99.00000      -99.00000      -99.00000      -99.00000      -99.00000      -99.00000      -99.00000      -99.00000      -99.00000      -99.00000      -99.00000      -99.00000      -99.00000      -99.00000      -99.00000      -99.00000      -99.00000      -99.00000
                                   9.00      0.00      0.00   0.0000      0.0000000      0.0000000       18.97370        0.00000     1973.68420      -99.00000      -99.00000      -99.00000      -99.00000      -99.00000      -99.00000      -99.00000      -99.00000      -99.00000      -99.00000      -99.00000      -99.00000      -99.00000      -99.00000      -99.00000      -99.00000      -99.00000      -99.00000      -99.00000      -99.00000      -99.00000      -99.00000      -99.00000
                                   9.50      0.00      0.00   0.0000      0.0000000      0.0000000       18.92110        0.00000     1921.05261      -99.00000      -99.00000      -99.00000      -99.00000      -99.00000      -99.00000      -99.00000      -99.00000      -99.00000      -99.00000      -99.00000      -99.00000      -99.00000      -99.00000      -99.00000      -99.00000      -99.00000      -99.00000      -99.00000      -99.00000      -99.00000      -99.00000      -99.00000
                                  10.00      0.00      0.00   0.0000      0.0000000      0.0000000       18.86840        0.00000     1868.42114      -99.00000      -99.00000      -99.00000      -99.00000      -99.00000      -99.00000      -99.00000      -99.00000      -99.00000      -99.00000      -99.00000      -99.00000      -99.00000      -99.00000      -99.00000      -99.00000      -99.00000      -99.00000      -99.00000      -99.00000      -99.00000      -99.00000      -99.00000
                                  10.50      0.00      0.00   0.0000      0.0000000      0.0000000       18.81580        0.00000     1815.78955      -99.00000      -99.00000      -99.00000      -99.00000      -99.00000      -99.00000      -99.00000      -99.00000      -99.00000      -99.00000      -99.00000      -99.00000      -99.00000      -99.00000      -99.00000      -99.00000      -99.00000      -99.00000      -99.00000      -99.00000      -99.00000      -99.00000      -99.00000
     1.0000       180     0.02     0.50     -0.02     -0.02   0.0108      0.0153494      0.0117838       26.95550        0.00000     6955.55225      -99.00000      -99.00000      -99.00000      -99.00000      -99.00000      -99.00000      -99.00000      -99.00000      -99.00000      -99.00000      -99.00000      -99.00000      -99.00000      -99.00000      -99.00000      -99.00000      -99.00000      -99.00000      -99.00000      -99.00000      -99.00000      -99.00000      -99.00000
                                   1.00     -0.02     -0.02   0.0102      0.0306143      0.0234518       26.88756        0.00000     6887.62500      -99.00000      -99.00000      -99.00000      -99.00000      -99.00000      -99.00000      -99.00000      -99.00000      -99.00000      -99.00000      -99.00000      -99.00000      -99.00000      -99.00000      -99.00000      -99.00000      -99.00000      -99.00000      -99.00000      -99.00000      -99.00000      -99.00000      -99.00000
                                   1.50     -0.02     -0.03   0.0097      0.0305547      0.0233699       26.80735        0.00000     6807.66846      -99.00000      -99.00000      -99.00000      -99.00000      -99.00000      -99.00000      -99.00000      -99.00000      -99.00000      -99.00000      -99.00000      -99.00000      -99.00000      -99.00000      -99.00000      -99.00000      -99.00000      -99.00000      -99.00000      -99.00000      -99.00000      -99.00000      -99.00000
                                   2.00     -0.02     -0.03   0.0091      0.0305827      0.0234084       26.73035        0.00000     6730.60107      -99.00000      -99.00000      -99.00000      -99.00000      -99.00000      -99.00000      -99.00000      -99.00000      -99.00000      -99.00000      -99.00000      -99.00000      -99.00000      -99.00000      -99.00000      -99.00000      -99.00000      -99.00000      -99.00000      -99.00000      -99.00000      -99.00000      -99.00000
                                   2.50     -0.02     -0.03   0.0086      0.0305858      0.0234127       26.65347        0.00000     6653.76318      -99.00000      -99.00000      -99.00000      -99.00000      -99.00000      -99.00000      -99.00000      -99.00000      -99.00000      -99.00000      -99.00000      -99.00000      -99.00000      -99.00000      -99.00000      -99.00000      -99.00000      -99.00000      -99.00000      -99.00000      -99.00000      -99.00000      -99.00000
                                   3.00     -0.02     -0.03   0.0080      0.0305874      0.0234148       26.57667        0.00000     6576.85059      -99.00000      -99.00000      -99.00000      -99.00000      -99.00000      -99.00000      -99.00000      -99.00000      -99.00000      -99.00000      -99.00000      -99.00000      -99.00000      -99.00000      -99.00000      -99.00000      -99.00000      -99.00000      -99.00000      -99.00000      -99.00000      -99.00000      -99.00000
                                   3.50     -0.02     -0.03   0.0075      0.0305890      0.0234170       26.49963        0.00000     6499.90332      -99.00000      -99.00000      -99.00000      -99.00000      -99.00000      -99.00000      -99.00000      -99.00000      -99.00000      -99.00000      -99.00000      -99.00000      -99.00000      -99.00000      -99.00000      -99.00000      -99.00000      -99.00000      -99.00000      -99.00000      -99.00000      -99.00000      -99.00000
                                   4.00     -0.02     -0.03   0.0070      0.0305937      0.0234235       26.42270        0.00000     6422.98828      -99.00000      -99.00000      -99.00000      -99.00000      -99.00000      -99.00000      -99.00000      -99.00000      -99.00000      -99.00000      -99.00000      -99.00000      -99.00000      -99.00000      -99.00000      -99.00000      -99.00000      -99.00000      -99.00000      -99.00000      -99.00000      -99.00000      -99.00000
                                   4.50     -0.02     -0.03   0.0064      0.0305968      0.0234278       26.34594        0.00000     6346.06055      -99.00000      -99.00000      -99.00000      -99.00000      -99.00000      -99.00000      -99.00000      -99.00000      -99.00000      -99.00000      -99.00000      -99.00000      -99.00000      -99.00000      -99.00000      -99.00000      -99.00000      -99.00000      -99.00000      -99.00000      -99.00000      -99.00000      -99.00000
                                   5.00     -0.02     -0.03   0.0059      0.0305969      0.0234278       26.26893        0.00000     6269.16260      -99.00000      -99.00000      -99.00000      -99.00000      -99.00000      -99.00000      -99.00000      -99.00000      -99.00000      -99.00000      -99.00000      -99.00000      -99.00000      -99.00000      -99.00000      -99.00000      -99.00000      -99.00000      -99.00000      -99.00000      -99.00000      -99.00000      -99.00000
                                   5.50     -0.02     -0.03   0.0053      0.0306078      0.0234429       26.19209        0.00000     6192.38379      -99.00000      -99.00000      -99.00000      -99.00000      -99.00000      -99.00000      -99.00000      -99.00000      -99.00000      -99.00000      -99.00000      -99.00000      -99.00000      -99.00000      -99.00000      -99.00000      -99.00000      -99.00000      -99.00000      -99.00000      -99.00000      -99.00000      -99.00000
                                   6.00     -0.02     -0.03   0.0048      0.0305015      0.0232971       26.11635        0.00000     6116.71045      -99.00000      -99.00000      -99.00000      -99.00000      -99.00000      -99.00000      -99.00000      -99.00000      -99.00000      -99.00000      -99.00000      -99.00000      -99.00000      -99.00000      -99.00000      -99.00000      -99.00000      -99.00000      -99.00000      -99.00000      -99.00000      -99.00000      -99.00000
                                   6.50     -0.02     -0.03   0.0042      0.0271690      0.0187801       26.02319        0.00000     6030.58008      -99.00000      -99.00000      -99.00000      -99.00000      -99.00000      -99.00000      -99.00000      -99.00000      -99.00000      -99.00000      -99.00000      -99.00000      -99.00000      -99.00000      -99.00000      -99.00000      -99.00000      -99.00000      -99.00000      -99.00000      -99.00000      -99.00000      -99.00000
                                   7.00     -0.02     -0.02   0.0037      0.0226185      0.0126685       25.11432        0.00000     5493.79102      -99.00000      -99.00000      -99.00000      -99.00000      -99.00000      -99.00000      -99.00000      -99.00000      -99.00000      -99.00000      -99.00000      -99.00000      -99.00000      -99.00000      -99.00000      -99.00000      -99.00000      -99.00000      -99.00000      -99.00000      -99.00000      -99.00000      -99.00000
                                   7.50     -0.02     -0.02   0.0031      0.0214314      0.0111054       23.37326        0.00000     4499.19043      -99.00000      -99.00000      -99.00000      -99.00000      -99.00000      -99.00000      -99.00000      -99.00000      -99.00000      -99.00000      -99.00000      -99.00000      -99.00000      -99.00000      -99.00000      -99.00000      -99.00000      -99.00000      -99.00000      -99.00000      -99.00000      -99.00000      -99.00000
                                   8.00     -0.02     -0.02   0.0025      0.0217666      0.0115414       21.62335        0.00000     3499.16919      -99.00000      -99.00000      -99.00000      -99.00000      -99.00000      -99.00000      -99.00000      -99.00000      -99.00000      -99.00000      -99.00000      -99.00000      -99.00000      -99.00000      -99.00000      -99.00000      -99.00000      -99.00000      -99.00000      -99.00000      -99.00000      -99.00000      -99.00000
                                   8.50     -0.02     -0.02   0.0020      0.0235620      0.0139179       19.88319        0.00000     2504.69824      -99.00000      -99.00000      -99.00000      -99.00000      -99.00000      -99.00000      -99.00000      -99.00000      -99.00000      -99.00000      -99.00000      -99.00000      -99.00000      -99.00000      -99.00000      -99.00000      -99.00000      -99.00000      -99.00000      -99.00000      -99.00000      -99.00000      -99.00000
                                   9.00     -0.02     -0.02   0.0014      0.0280678      0.0199922       18.98999        0.00000     1982.35510      -99.00000      -99.00000      -99.00000      -99.00000      -99.00000      -99.00000      -99.00000      -99.00000      -99.00000      -99.00000      -99.00000      -99.00000      -99.00000      -99.00000      -99.00000      -99.00000      -99.00000      -99.00000      -99.00000      -99.00000      -99.00000      -99.00000      -99.00000
                                   9.50     -0.02     -0.02   0.0008      0.0310675      0.0240741       18.92098        0.00000     1920.88831      -99.00000      -99.00000      -99.00000      -99.00000      -99.00000      -99.00000      -99.00000      -99.00000      -99.00000      -99.00000      -99.00000      -99.00000      -99.00000      -99.00000      -99.00000      -99.00000      -99.00000      -99.00000      -99.00000      -99.00000      -99.00000      -99.00000      -99.00000
                                  10.00     -0.02     -0.02   0.0003      0.0155840      0.0121061       18.87062        0.00000     1870.66345      -99.00000      -99.00000      -99.00000      -99.00000      -99.00000      -99.00000      -99.00000      -99.00000      -99.00000      -99.00000      -99.00000      -99.00000      -99.00000      -99.00000      -99.00000      -99.00000      -99.00000      -99.00000      -99.00000      -99.00000      -99.00000      -99.00000      -99.00000
                                  10.50      0.00      0.00   0.0000      0.0000000      0.0000000       18.87062        0.00000     1815.78943      -99.00000      -99.00000      -99.00000      -99.00000      -99.00000      -99.00000      -99.00000      -99.00000      -99.00000      -99.00000      -99.00000      -99.00000      -99.00000      -99.00000      -99.00000      -99.00000      -99.00000      -99.00000      -99.00000      -99.00000      -99.00000      -99.00000      -99.00000
