DOUBLE PLUME SIMULATION ----------------------------                            
Run number = 202604161250,  Start date of run:   7/ 9/2022 at 0300 hours
i = 172  j =  80  km =  24   dt =20.00 sec  hhs =12.000 m   dz = 0.50 m
iexplt = 0  itrap = 1  cd =  0.0020  ismooth = 0  beta = 0.050 niter = 2
iextrp = 0  f = 0.0001  tramp=      0.0  iupwind = 0
    time       step       zeta    depth       u         v       w          Av               Dv        scalar     Tracers-> 
     hrs        no         cm        m       cm/s      cm/s     cm/s       cm2/s           cm2/s       oC          g/l   -> 
     0.0000         0     0.00     0.50      0.00      0.00   0.0000      0.0000000      0.0000000       26.96150        0.00000     6961.53857      -99.00000      -99.00000      -99.00000      -99.00000      -99.00000      -99.00000      -99.00000      -99.00000      -99.00000      -99.00000      -99.00000      -99.00000      -99.00000      -99.00000      -99.00000      -99.00000      -99.00000      -99.00000      -99.00000      -99.00000      -99.00000      -99.00000      -99.00000
                                   1.00      0.00      0.00   0.0000      0.0000000      0.0000000       26.88460        0.00000     6884.61523      -99.00000      -99.00000      -99.00000      -99.00000      -99.00000      -99.00000      -99.00000      -99.00000      -99.00000      -99.00000      -99.00000      -99.00000      -99.00000      -99.00000      -99.00000      -99.00000      -99.00000      -99.00000      -99.00000      -99.00000      -99.00000      -99.00000      -99.00000
                                   1.50      0.00      0.00   0.0000      0.0000000      0.0000000       26.80770        0.00000     6807.69238      -99.00000      -99.00000      -99.00000      -99.00000      -99.00000      -99.00000      -99.00000      -99.00000      -99.00000      -99.00000      -99.00000      -99.00000      -99.00000      -99.00000      -99.00000      -99.00000      -99.00000      -99.00000      -99.00000      -99.00000      -99.00000      -99.00000      -99.00000
                                   2.00      0.00      0.00   0.0000      0.0000000      0.0000000       26.73080        0.00000     6730.76904      -99.00000      -99.00000      -99.00000      -99.00000      -99.00000      -99.00000      -99.00000      -99.00000      -99.00000      -99.00000      -99.00000      -99.00000      -99.00000      -99.00000      -99.00000      -99.00000      -99.00000      -99.00000      -99.00000      -99.00000      -99.00000      -99.00000      -99.00000
                                   2.50      0.00      0.00   0.0000      0.0000000      0.0000000       26.65380        0.00000     6653.84619      -99.00000      -99.00000      -99.00000      -99.00000      -99.00000      -99.00000      -99.00000      -99.00000      -99.00000      -99.00000      -99.00000      -99.00000      -99.00000      -99.00000      -99.00000      -99.00000      -99.00000      -99.00000      -99.00000      -99.00000      -99.00000      -99.00000      -99.00000
                                   3.00      0.00      0.00   0.0000      0.0000000      0.0000000       26.57690        0.00000     6576.92334      -99.00000      -99.00000      -99.00000      -99.00000      -99.00000      -99.00000      -99.00000      -99.00000      -99.00000      -99.00000      -99.00000      -99.00000      -99.00000      -99.00000      -99.00000      -99.00000      -99.00000      -99.00000      -99.00000      -99.00000      -99.00000      -99.00000      -99.00000
                                   3.50      0.00      0.00   0.0000      0.0000000      0.0000000       26.50000        0.00000     6500.00000      -99.00000      -99.00000      -99.00000      -99.00000      -99.00000      -99.00000      -99.00000      -99.00000      -99.00000      -99.00000      -99.00000      -99.00000      -99.00000      -99.00000      -99.00000      -99.00000      -99.00000      -99.00000      -99.00000      -99.00000      -99.00000      -99.00000      -99.00000
                                   4.00      0.00      0.00   0.0000      0.0000000      0.0000000       26.42310        0.00000     6423.07666      -99.00000      -99.00000      -99.00000      -99.00000      -99.00000      -99.00000      -99.00000      -99.00000      -99.00000      -99.00000      -99.00000      -99.00000      -99.00000      -99.00000      -99.00000      -99.00000      -99.00000      -99.00000      -99.00000      -99.00000      -99.00000      -99.00000      -99.00000
                                   4.50      0.00      0.00   0.0000      0.0000000      0.0000000       26.34620        0.00000     6346.15381      -99.00000      -99.00000      -99.00000      -99.00000      -99.00000      -99.00000      -99.00000      -99.00000      -99.00000      -99.00000      -99.00000      -99.00000      -99.00000      -99.00000      -99.00000      -99.00000      -99.00000      -99.00000      -99.00000      -99.00000      -99.00000      -99.00000      -99.00000
                                   5.00      0.00      0.00   0.0000      0.0000000      0.0000000       26.26920        0.00000     6269.23096      -99.00000      -99.00000      -99.00000      -99.00000      -99.00000      -99.00000      -99.00000      -99.00000      -99.00000      -99.00000      -99.00000      -99.00000      -99.00000      -99.00000      -99.00000      -99.00000      -99.00000      -99.00000      -99.00000      -99.00000      -99.00000      -99.00000      -99.00000
                                   5.50      0.00      0.00   0.0000      0.0000000      0.0000000       26.19230        0.00000     6192.30762      -99.00000      -99.00000      -99.00000      -99.00000      -99.00000      -99.00000      -99.00000      -99.00000      -99.00000      -99.00000      -99.00000      -99.00000      -99.00000      -99.00000      -99.00000      -99.00000      -99.00000      -99.00000      -99.00000      -99.00000      -99.00000      -99.00000      -99.00000
                                   6.00      0.00      0.00   0.0000      0.0000000      0.0000000       26.11540        0.00000     6115.38477      -99.00000      -99.00000      -99.00000      -99.00000      -99.00000      -99.00000      -99.00000      -99.00000      -99.00000      -99.00000      -99.00000      -99.00000      -99.00000      -99.00000      -99.00000      -99.00000      -99.00000      -99.00000      -99.00000      -99.00000      -99.00000      -99.00000      -99.00000
                                   6.50      0.00      0.00   0.0000      0.0000000      0.0000000       26.03850        0.00000     6038.46143      -99.00000      -99.00000      -99.00000      -99.00000      -99.00000      -99.00000      -99.00000      -99.00000      -99.00000      -99.00000      -99.00000      -99.00000      -99.00000      -99.00000      -99.00000      -99.00000      -99.00000      -99.00000      -99.00000      -99.00000      -99.00000      -99.00000      -99.00000
                                   7.00      0.00      0.00   0.0000      0.0000000      0.0000000       25.12500        0.00000     5500.00000      -99.00000      -99.00000      -99.00000      -99.00000      -99.00000      -99.00000      -99.00000      -99.00000      -99.00000      -99.00000      -99.00000      -99.00000      -99.00000      -99.00000      -99.00000      -99.00000      -99.00000      -99.00000      -99.00000      -99.00000      -99.00000      -99.00000      -99.00000
                                   7.50      0.00      0.00   0.0000      0.0000000      0.0000000       23.37500        0.00000     4500.00000      -99.00000      -99.00000      -99.00000      -99.00000      -99.00000      -99.00000      -99.00000      -99.00000      -99.00000      -99.00000      -99.00000      -99.00000      -99.00000      -99.00000      -99.00000      -99.00000      -99.00000      -99.00000      -99.00000      -99.00000      -99.00000      -99.00000      -99.00000
                                   8.00      0.00      0.00   0.0000      0.0000000      0.0000000       21.62500        0.00000     3500.00000      -99.00000      -99.00000      -99.00000      -99.00000      -99.00000      -99.00000      -99.00000      -99.00000      -99.00000      -99.00000      -99.00000      -99.00000      -99.00000      -99.00000      -99.00000      -99.00000      -99.00000      -99.00000      -99.00000      -99.00000      -99.00000      -99.00000      -99.00000
                                   8.50      0.00      0.00   0.0000      0.0000000      0.0000000       19.87500        0.00000     2500.00000      -99.00000      -99.00000      -99.00000      -99.00000      -99.00000      -99.00000      -99.00000      -99.00000      -99.00000      -99.00000      -99.00000      -99.00000      -99.00000      -99.00000      -99.00000      -99.00000      -99.00000      -99.00000      -99.00000      -99.00000      -99.00000      -99.00000      -99.00000
                                   9.00      0.00      0.00   0.0000      0.0000000      0.0000000       18.97370        0.00000     1973.68420      -99.00000      -99.00000      -99.00000      -99.00000      -99.00000      -99.00000      -99.00000      -99.00000      -99.00000      -99.00000      -99.00000      -99.00000      -99.00000      -99.00000      -99.00000      -99.00000      -99.00000      -99.00000      -99.00000      -99.00000      -99.00000      -99.00000      -99.00000
                                   9.50      0.00      0.00   0.0000      0.0000000      0.0000000       18.92110        0.00000     1921.05261      -99.00000      -99.00000      -99.00000      -99.00000      -99.00000      -99.00000      -99.00000      -99.00000      -99.00000      -99.00000      -99.00000      -99.00000      -99.00000      -99.00000      -99.00000      -99.00000      -99.00000      -99.00000      -99.00000      -99.00000      -99.00000      -99.00000      -99.00000
                                  10.00      0.00      0.00   0.0000      0.0000000      0.0000000       18.86840        0.00000     1868.42114      -99.00000      -99.00000      -99.00000      -99.00000      -99.00000      -99.00000      -99.00000      -99.00000      -99.00000      -99.00000      -99.00000      -99.00000      -99.00000      -99.00000      -99.00000      -99.00000      -99.00000      -99.00000      -99.00000      -99.00000      -99.00000      -99.00000      -99.00000
                                  10.50      0.00      0.00   0.0000      0.0000000      0.0000000       18.81580        0.00000     1815.78955      -99.00000      -99.00000      -99.00000      -99.00000      -99.00000      -99.00000      -99.00000      -99.00000      -99.00000      -99.00000      -99.00000      -99.00000      -99.00000      -99.00000      -99.00000      -99.00000      -99.00000      -99.00000      -99.00000      -99.00000      -99.00000      -99.00000      -99.00000
                                  11.00      0.00      0.00   0.0000      0.0000000      0.0000000       18.76320        0.00000     1763.15796      -99.00000      -99.00000      -99.00000      -99.00000      -99.00000      -99.00000      -99.00000      -99.00000      -99.00000      -99.00000      -99.00000      -99.00000      -99.00000      -99.00000      -99.00000      -99.00000      -99.00000      -99.00000      -99.00000      -99.00000      -99.00000      -99.00000      -99.00000
                                  11.50      0.00      0.00   0.0000      0.0000000      0.0000000       18.71050        0.00000     1710.52625      -99.00000      -99.00000      -99.00000      -99.00000      -99.00000      -99.00000      -99.00000      -99.00000      -99.00000      -99.00000      -99.00000      -99.00000      -99.00000      -99.00000      -99.00000      -99.00000      -99.00000      -99.00000      -99.00000      -99.00000      -99.00000      -99.00000      -99.00000
                                  12.00      0.00      0.00   0.0000      0.0000000      0.0000000       18.65790        0.00000     1657.89465      -99.00000      -99.00000      -99.00000      -99.00000      -99.00000      -99.00000      -99.00000      -99.00000      -99.00000      -99.00000      -99.00000      -99.00000      -99.00000      -99.00000      -99.00000      -99.00000      -99.00000      -99.00000      -99.00000      -99.00000      -99.00000      -99.00000      -99.00000
                                  12.50      0.00      0.00   0.0000      0.0000000      0.0000000       18.60530        0.00000     1605.26318      -99.00000      -99.00000      -99.00000      -99.00000      -99.00000      -99.00000      -99.00000      -99.00000      -99.00000      -99.00000      -99.00000      -99.00000      -99.00000      -99.00000      -99.00000      -99.00000      -99.00000      -99.00000      -99.00000      -99.00000      -99.00000      -99.00000      -99.00000
     1.0000       180    -0.02     0.50      0.02     -0.05   0.0163      0.0153618      0.0118009       26.95471        0.00000     6954.74316      -99.00000      -99.00000      -99.00000      -99.00000      -99.00000      -99.00000      -99.00000      -99.00000      -99.00000      -99.00000      -99.00000      -99.00000      -99.00000      -99.00000      -99.00000      -99.00000      -99.00000      -99.00000      -99.00000      -99.00000      -99.00000      -99.00000      -99.00000
                                   1.00      0.02     -0.05   0.0156      0.0306221      0.0234625       26.88838        0.00000     6888.47314      -99.00000      -99.00000      -99.00000      -99.00000      -99.00000      -99.00000      -99.00000      -99.00000      -99.00000      -99.00000      -99.00000      -99.00000      -99.00000      -99.00000      -99.00000      -99.00000      -99.00000      -99.00000      -99.00000      -99.00000      -99.00000      -99.00000      -99.00000
                                   1.50      0.02     -0.05   0.0150      0.0305500      0.0233636       26.80743        0.00000     6807.75293      -99.00000      -99.00000      -99.00000      -99.00000      -99.00000      -99.00000      -99.00000      -99.00000      -99.00000      -99.00000      -99.00000      -99.00000      -99.00000      -99.00000      -99.00000      -99.00000      -99.00000      -99.00000      -99.00000      -99.00000      -99.00000      -99.00000      -99.00000
                                   2.00      0.02     -0.05   0.0143      0.0305827      0.0234084       26.73014        0.00000     6730.54834      -99.00000      -99.00000      -99.00000      -99.00000      -99.00000      -99.00000      -99.00000      -99.00000      -99.00000      -99.00000      -99.00000      -99.00000      -99.00000      -99.00000      -99.00000      -99.00000      -99.00000      -99.00000      -99.00000      -99.00000      -99.00000      -99.00000      -99.00000
                                   2.50      0.02     -0.05   0.0136      0.0305842      0.0234105       26.65343        0.00000     6653.73730      -99.00000      -99.00000      -99.00000      -99.00000      -99.00000      -99.00000      -99.00000      -99.00000      -99.00000      -99.00000      -99.00000      -99.00000      -99.00000      -99.00000      -99.00000      -99.00000      -99.00000      -99.00000      -99.00000      -99.00000      -99.00000      -99.00000      -99.00000
                                   3.00      0.02     -0.05   0.0129      0.0305843      0.0234106       26.57658        0.00000     6576.80566      -99.00000      -99.00000      -99.00000      -99.00000      -99.00000      -99.00000      -99.00000      -99.00000      -99.00000      -99.00000      -99.00000      -99.00000      -99.00000      -99.00000      -99.00000      -99.00000      -99.00000      -99.00000      -99.00000      -99.00000      -99.00000      -99.00000      -99.00000
                                   3.50      0.02     -0.05   0.0123      0.0305905      0.0234192       26.49951        0.00000     6499.87402      -99.00000      -99.00000      -99.00000      -99.00000      -99.00000      -99.00000      -99.00000      -99.00000      -99.00000      -99.00000      -99.00000      -99.00000      -99.00000      -99.00000      -99.00000      -99.00000      -99.00000      -99.00000      -99.00000      -99.00000      -99.00000      -99.00000      -99.00000
                                   4.00      0.02     -0.05   0.0116      0.0305952      0.0234256       26.42268        0.00000     6422.94678      -99.00000      -99.00000      -99.00000      -99.00000      -99.00000      -99.00000      -99.00000      -99.00000      -99.00000      -99.00000      -99.00000      -99.00000      -99.00000      -99.00000      -99.00000      -99.00000      -99.00000      -99.00000      -99.00000      -99.00000      -99.00000      -99.00000      -99.00000
                                   4.50      0.02     -0.05   0.0109      0.0305937      0.0234235       26.34587        0.00000     6346.02197      -99.00000      -99.00000      -99.00000      -99.00000      -99.00000      -99.00000      -99.00000      -99.00000      -99.00000      -99.00000      -99.00000      -99.00000      -99.00000      -99.00000      -99.00000      -99.00000      -99.00000      -99.00000      -99.00000      -99.00000      -99.00000      -99.00000      -99.00000
                                   5.00      0.02     -0.05   0.0102      0.0306000      0.0234321       26.26875        0.00000     6269.11572      -99.00000      -99.00000      -99.00000      -99.00000      -99.00000      -99.00000      -99.00000      -99.00000      -99.00000      -99.00000      -99.00000      -99.00000      -99.00000      -99.00000      -99.00000      -99.00000      -99.00000      -99.00000      -99.00000      -99.00000      -99.00000      -99.00000      -99.00000
                                   5.50      0.02     -0.05   0.0096      0.0306172      0.0234558       26.19220        0.00000     6192.43115      -99.00000      -99.00000      -99.00000      -99.00000      -99.00000      -99.00000      -99.00000      -99.00000      -99.00000      -99.00000      -99.00000      -99.00000      -99.00000      -99.00000      -99.00000      -99.00000      -99.00000      -99.00000      -99.00000      -99.00000      -99.00000      -99.00000      -99.00000
                                   6.00      0.02     -0.05   0.0089      0.0305002      0.0232952       26.11716        0.00000     6117.61523      -99.00000      -99.00000      -99.00000      -99.00000      -99.00000      -99.00000      -99.00000      -99.00000      -99.00000      -99.00000      -99.00000      -99.00000      -99.00000      -99.00000      -99.00000      -99.00000      -99.00000      -99.00000      -99.00000      -99.00000      -99.00000      -99.00000      -99.00000
                                   6.50      0.02     -0.05   0.0082      0.0271550      0.0187613       26.02298        0.00000     6030.37695      -99.00000      -99.00000      -99.00000      -99.00000      -99.00000      -99.00000      -99.00000      -99.00000      -99.00000      -99.00000      -99.00000      -99.00000      -99.00000      -99.00000      -99.00000      -99.00000      -99.00000      -99.00000      -99.00000      -99.00000      -99.00000      -99.00000      -99.00000
                                   7.00      0.02     -0.05   0.0075      0.0226112      0.0126589       25.11055        0.00000     5491.22461      -99.00000      -99.00000      -99.00000      -99.00000      -99.00000      -99.00000      -99.00000      -99.00000      -99.00000      -99.00000      -99.00000      -99.00000      -99.00000      -99.00000      -99.00000      -99.00000      -99.00000      -99.00000      -99.00000      -99.00000      -99.00000      -99.00000      -99.00000
                                   7.50      0.02     -0.05   0.0068      0.0214324      0.0111066       23.37011        0.00000     4497.37793      -99.00000      -99.00000      -99.00000      -99.00000      -99.00000      -99.00000      -99.00000      -99.00000      -99.00000      -99.00000      -99.00000      -99.00000      -99.00000      -99.00000      -99.00000      -99.00000      -99.00000      -99.00000      -99.00000      -99.00000      -99.00000      -99.00000      -99.00000
                                   8.00      0.02     -0.05   0.0061      0.0217684      0.0115438       21.62023        0.00000     3497.37964      -99.00000      -99.00000      -99.00000      -99.00000      -99.00000      -99.00000      -99.00000      -99.00000      -99.00000      -99.00000      -99.00000      -99.00000      -99.00000      -99.00000      -99.00000      -99.00000      -99.00000      -99.00000      -99.00000      -99.00000      -99.00000      -99.00000      -99.00000
                                   8.50      0.02     -0.05   0.0055      0.0235670      0.0139245       19.88098        0.00000     2503.71216      -99.00000      -99.00000      -99.00000      -99.00000      -99.00000      -99.00000      -99.00000      -99.00000      -99.00000      -99.00000      -99.00000      -99.00000      -99.00000      -99.00000      -99.00000      -99.00000      -99.00000      -99.00000      -99.00000      -99.00000      -99.00000      -99.00000      -99.00000
                                   9.00      0.02     -0.06   0.0048      0.0280697      0.0199947       18.98960        0.00000     1982.05811      -99.00000      -99.00000      -99.00000      -99.00000      -99.00000      -99.00000      -99.00000      -99.00000      -99.00000      -99.00000      -99.00000      -99.00000      -99.00000      -99.00000      -99.00000      -99.00000      -99.00000      -99.00000      -99.00000      -99.00000      -99.00000      -99.00000      -99.00000
                                   9.50      0.02     -0.06   0.0041      0.0310576      0.0240604       18.92000        0.00000     1920.11902      -99.00000      -99.00000      -99.00000      -99.00000      -99.00000      -99.00000      -99.00000      -99.00000      -99.00000      -99.00000      -99.00000      -99.00000      -99.00000      -99.00000      -99.00000      -99.00000      -99.00000      -99.00000      -99.00000      -99.00000      -99.00000      -99.00000      -99.00000
                                  10.00      0.02     -0.06   0.0034      0.0311498      0.0241871       18.86791        0.00000     1868.19568      -99.00000      -99.00000      -99.00000      -99.00000      -99.00000      -99.00000      -99.00000      -99.00000      -99.00000      -99.00000      -99.00000      -99.00000      -99.00000      -99.00000      -99.00000      -99.00000      -99.00000      -99.00000      -99.00000      -99.00000      -99.00000      -99.00000      -99.00000
                                  10.50      0.02     -0.06   0.0027      0.0311481      0.0241848       18.81545        0.00000     1815.65369      -99.00000      -99.00000      -99.00000      -99.00000      -99.00000      -99.00000      -99.00000      -99.00000      -99.00000      -99.00000      -99.00000      -99.00000      -99.00000      -99.00000      -99.00000      -99.00000      -99.00000      -99.00000      -99.00000      -99.00000      -99.00000      -99.00000      -99.00000
                                  11.00      0.02     -0.06   0.0021      0.0311515      0.0241894       18.76282        0.00000     1763.07776      -99.00000      -99.00000      -99.00000      -99.00000      -99.00000      -99.00000      -99.00000      -99.00000      -99.00000      -99.00000      -99.00000      -99.00000      -99.00000      -99.00000      -99.00000      -99.00000      -99.00000      -99.00000      -99.00000      -99.00000      -99.00000      -99.00000      -99.00000
                                  11.50      0.02     -0.06   0.0014      0.0311648      0.0242078       18.71050        0.00000     1710.54626      -99.00000      -99.00000      -99.00000      -99.00000      -99.00000      -99.00000      -99.00000      -99.00000      -99.00000      -99.00000      -99.00000      -99.00000      -99.00000      -99.00000      -99.00000      -99.00000      -99.00000      -99.00000      -99.00000      -99.00000      -99.00000      -99.00000      -99.00000
                                  12.00      0.02     -0.06   0.0007      0.0155874      0.0121108       18.66020        0.00000     1660.20178      -99.00000      -99.00000      -99.00000      -99.00000      -99.00000      -99.00000      -99.00000      -99.00000      -99.00000      -99.00000      -99.00000      -99.00000      -99.00000      -99.00000      -99.00000      -99.00000      -99.00000      -99.00000      -99.00000      -99.00000      -99.00000      -99.00000      -99.00000
                                  12.50      0.00      0.00   0.0000      0.0000000      0.0000000       18.66020        0.00000     1605.26318      -99.00000      -99.00000      -99.00000      -99.00000      -99.00000      -99.00000      -99.00000      -99.00000      -99.00000      -99.00000      -99.00000      -99.00000      -99.00000      -99.00000      -99.00000      -99.00000      -99.00000      -99.00000      -99.00000      -99.00000      -99.00000      -99.00000      -99.00000
