DOUBLE PLUME SIMULATION ----------------------------                            
Run number = 202604161250,  Start date of run:   7/ 9/2022 at 0300 hours
i = 183  j =  78  km =  25   dt =20.00 sec  hhs =12.500 m   dz = 0.50 m
iexplt = 0  itrap = 1  cd =  0.0020  ismooth = 0  beta = 0.050 niter = 2
iextrp = 0  f = 0.0001  tramp=      0.0  iupwind = 0
    time       step       zeta    depth       u         v       w          Av               Dv        scalar     Tracers-> 
     hrs        no         cm        m       cm/s      cm/s     cm/s       cm2/s           cm2/s       oC          g/l   -> 
     0.0000         0     0.00     0.50      0.00      0.00   0.0000      0.0000000      0.0000000       26.96150        0.00000     6961.53857      -99.00000      -99.00000      -99.00000      -99.00000      -99.00000      -99.00000      -99.00000      -99.00000      -99.00000      -99.00000      -99.00000      -99.00000      -99.00000      -99.00000      -99.00000      -99.00000      -99.00000      -99.00000      -99.00000      -99.00000      -99.00000      -99.00000      -99.00000
                                   1.00      0.00      0.00   0.0000      0.0000000      0.0000000       26.88460        0.00000     6884.61523      -99.00000      -99.00000      -99.00000      -99.00000      -99.00000      -99.00000      -99.00000      -99.00000      -99.00000      -99.00000      -99.00000      -99.00000      -99.00000      -99.00000      -99.00000      -99.00000      -99.00000      -99.00000      -99.00000      -99.00000      -99.00000      -99.00000      -99.00000
                                   1.50      0.00      0.00   0.0000      0.0000000      0.0000000       26.80770        0.00000     6807.69238      -99.00000      -99.00000      -99.00000      -99.00000      -99.00000      -99.00000      -99.00000      -99.00000      -99.00000      -99.00000      -99.00000      -99.00000      -99.00000      -99.00000      -99.00000      -99.00000      -99.00000      -99.00000      -99.00000      -99.00000      -99.00000      -99.00000      -99.00000
                                   2.00      0.00      0.00   0.0000      0.0000000      0.0000000       26.73080        0.00000     6730.76904      -99.00000      -99.00000      -99.00000      -99.00000      -99.00000      -99.00000      -99.00000      -99.00000      -99.00000      -99.00000      -99.00000      -99.00000      -99.00000      -99.00000      -99.00000      -99.00000      -99.00000      -99.00000      -99.00000      -99.00000      -99.00000      -99.00000      -99.00000
                                   2.50      0.00      0.00   0.0000      0.0000000      0.0000000       26.65380        0.00000     6653.84619      -99.00000      -99.00000      -99.00000      -99.00000      -99.00000      -99.00000      -99.00000      -99.00000      -99.00000      -99.00000      -99.00000      -99.00000      -99.00000      -99.00000      -99.00000      -99.00000      -99.00000      -99.00000      -99.00000      -99.00000      -99.00000      -99.00000      -99.00000
                                   3.00      0.00      0.00   0.0000      0.0000000      0.0000000       26.57690        0.00000     6576.92334      -99.00000      -99.00000      -99.00000      -99.00000      -99.00000      -99.00000      -99.00000      -99.00000      -99.00000      -99.00000      -99.00000      -99.00000      -99.00000      -99.00000      -99.00000      -99.00000      -99.00000      -99.00000      -99.00000      -99.00000      -99.00000      -99.00000      -99.00000
                                   3.50      0.00      0.00   0.0000      0.0000000      0.0000000       26.50000        0.00000     6500.00000      -99.00000      -99.00000      -99.00000      -99.00000      -99.00000      -99.00000      -99.00000      -99.00000      -99.00000      -99.00000      -99.00000      -99.00000      -99.00000      -99.00000      -99.00000      -99.00000      -99.00000      -99.00000      -99.00000      -99.00000      -99.00000      -99.00000      -99.00000
                                   4.00      0.00      0.00   0.0000      0.0000000      0.0000000       26.42310        0.00000     6423.07666      -99.00000      -99.00000      -99.00000      -99.00000      -99.00000      -99.00000      -99.00000      -99.00000      -99.00000      -99.00000      -99.00000      -99.00000      -99.00000      -99.00000      -99.00000      -99.00000      -99.00000      -99.00000      -99.00000      -99.00000      -99.00000      -99.00000      -99.00000
                                   4.50      0.00      0.00   0.0000      0.0000000      0.0000000       26.34620        0.00000     6346.15381      -99.00000      -99.00000      -99.00000      -99.00000      -99.00000      -99.00000      -99.00000      -99.00000      -99.00000      -99.00000      -99.00000      -99.00000      -99.00000      -99.00000      -99.00000      -99.00000      -99.00000      -99.00000      -99.00000      -99.00000      -99.00000      -99.00000      -99.00000
                                   5.00      0.00      0.00   0.0000      0.0000000      0.0000000       26.26920        0.00000     6269.23096      -99.00000      -99.00000      -99.00000      -99.00000      -99.00000      -99.00000      -99.00000      -99.00000      -99.00000      -99.00000      -99.00000      -99.00000      -99.00000      -99.00000      -99.00000      -99.00000      -99.00000      -99.00000      -99.00000      -99.00000      -99.00000      -99.00000      -99.00000
                                   5.50      0.00      0.00   0.0000      0.0000000      0.0000000       26.19230        0.00000     6192.30762      -99.00000      -99.00000      -99.00000      -99.00000      -99.00000      -99.00000      -99.00000      -99.00000      -99.00000      -99.00000      -99.00000      -99.00000      -99.00000      -99.00000      -99.00000      -99.00000      -99.00000      -99.00000      -99.00000      -99.00000      -99.00000      -99.00000      -99.00000
                                   6.00      0.00      0.00   0.0000      0.0000000      0.0000000       26.11540        0.00000     6115.38477      -99.00000      -99.00000      -99.00000      -99.00000      -99.00000      -99.00000      -99.00000      -99.00000      -99.00000      -99.00000      -99.00000      -99.00000      -99.00000      -99.00000      -99.00000      -99.00000      -99.00000      -99.00000      -99.00000      -99.00000      -99.00000      -99.00000      -99.00000
                                   6.50      0.00      0.00   0.0000      0.0000000      0.0000000       26.03850        0.00000     6038.46143      -99.00000      -99.00000      -99.00000      -99.00000      -99.00000      -99.00000      -99.00000      -99.00000      -99.00000      -99.00000      -99.00000      -99.00000      -99.00000      -99.00000      -99.00000      -99.00000      -99.00000      -99.00000      -99.00000      -99.00000      -99.00000      -99.00000      -99.00000
                                   7.00      0.00      0.00   0.0000      0.0000000      0.0000000       25.12500        0.00000     5500.00000      -99.00000      -99.00000      -99.00000      -99.00000      -99.00000      -99.00000      -99.00000      -99.00000      -99.00000      -99.00000      -99.00000      -99.00000      -99.00000      -99.00000      -99.00000      -99.00000      -99.00000      -99.00000      -99.00000      -99.00000      -99.00000      -99.00000      -99.00000
                                   7.50      0.00      0.00   0.0000      0.0000000      0.0000000       23.37500        0.00000     4500.00000      -99.00000      -99.00000      -99.00000      -99.00000      -99.00000      -99.00000      -99.00000      -99.00000      -99.00000      -99.00000      -99.00000      -99.00000      -99.00000      -99.00000      -99.00000      -99.00000      -99.00000      -99.00000      -99.00000      -99.00000      -99.00000      -99.00000      -99.00000
                                   8.00      0.00      0.00   0.0000      0.0000000      0.0000000       21.62500        0.00000     3500.00000      -99.00000      -99.00000      -99.00000      -99.00000      -99.00000      -99.00000      -99.00000      -99.00000      -99.00000      -99.00000      -99.00000      -99.00000      -99.00000      -99.00000      -99.00000      -99.00000      -99.00000      -99.00000      -99.00000      -99.00000      -99.00000      -99.00000      -99.00000
                                   8.50      0.00      0.00   0.0000      0.0000000      0.0000000       19.87500        0.00000     2500.00000      -99.00000      -99.00000      -99.00000      -99.00000      -99.00000      -99.00000      -99.00000      -99.00000      -99.00000      -99.00000      -99.00000      -99.00000      -99.00000      -99.00000      -99.00000      -99.00000      -99.00000      -99.00000      -99.00000      -99.00000      -99.00000      -99.00000      -99.00000
                                   9.00      0.00      0.00   0.0000      0.0000000      0.0000000       18.97370        0.00000     1973.68420      -99.00000      -99.00000      -99.00000      -99.00000      -99.00000      -99.00000      -99.00000      -99.00000      -99.00000      -99.00000      -99.00000      -99.00000      -99.00000      -99.00000      -99.00000      -99.00000      -99.00000      -99.00000      -99.00000      -99.00000      -99.00000      -99.00000      -99.00000
                                   9.50      0.00      0.00   0.0000      0.0000000      0.0000000       18.92110        0.00000     1921.05261      -99.00000      -99.00000      -99.00000      -99.00000      -99.00000      -99.00000      -99.00000      -99.00000      -99.00000      -99.00000      -99.00000      -99.00000      -99.00000      -99.00000      -99.00000      -99.00000      -99.00000      -99.00000      -99.00000      -99.00000      -99.00000      -99.00000      -99.00000
                                  10.00      0.00      0.00   0.0000      0.0000000      0.0000000       18.86840        0.00000     1868.42114      -99.00000      -99.00000      -99.00000      -99.00000      -99.00000      -99.00000      -99.00000      -99.00000      -99.00000      -99.00000      -99.00000      -99.00000      -99.00000      -99.00000      -99.00000      -99.00000      -99.00000      -99.00000      -99.00000      -99.00000      -99.00000      -99.00000      -99.00000
                                  10.50      0.00      0.00   0.0000      0.0000000      0.0000000       18.81580        0.00000     1815.78955      -99.00000      -99.00000      -99.00000      -99.00000      -99.00000      -99.00000      -99.00000      -99.00000      -99.00000      -99.00000      -99.00000      -99.00000      -99.00000      -99.00000      -99.00000      -99.00000      -99.00000      -99.00000      -99.00000      -99.00000      -99.00000      -99.00000      -99.00000
                                  11.00      0.00      0.00   0.0000      0.0000000      0.0000000       18.76320        0.00000     1763.15796      -99.00000      -99.00000      -99.00000      -99.00000      -99.00000      -99.00000      -99.00000      -99.00000      -99.00000      -99.00000      -99.00000      -99.00000      -99.00000      -99.00000      -99.00000      -99.00000      -99.00000      -99.00000      -99.00000      -99.00000      -99.00000      -99.00000      -99.00000
                                  11.50      0.00      0.00   0.0000      0.0000000      0.0000000       18.71050        0.00000     1710.52625      -99.00000      -99.00000      -99.00000      -99.00000      -99.00000      -99.00000      -99.00000      -99.00000      -99.00000      -99.00000      -99.00000      -99.00000      -99.00000      -99.00000      -99.00000      -99.00000      -99.00000      -99.00000      -99.00000      -99.00000      -99.00000      -99.00000      -99.00000
                                  12.00      0.00      0.00   0.0000      0.0000000      0.0000000       18.65790        0.00000     1657.89465      -99.00000      -99.00000      -99.00000      -99.00000      -99.00000      -99.00000      -99.00000      -99.00000      -99.00000      -99.00000      -99.00000      -99.00000      -99.00000      -99.00000      -99.00000      -99.00000      -99.00000      -99.00000      -99.00000      -99.00000      -99.00000      -99.00000      -99.00000
                                  12.50      0.00      0.00   0.0000      0.0000000      0.0000000       18.60530        0.00000     1605.26318      -99.00000      -99.00000      -99.00000      -99.00000      -99.00000      -99.00000      -99.00000      -99.00000      -99.00000      -99.00000      -99.00000      -99.00000      -99.00000      -99.00000      -99.00000      -99.00000      -99.00000      -99.00000      -99.00000      -99.00000      -99.00000      -99.00000      -99.00000
                                  13.00      0.00      0.00   0.0000      0.0000000      0.0000000       18.55260        0.00000     1552.63159      -99.00000      -99.00000      -99.00000      -99.00000      -99.00000      -99.00000      -99.00000      -99.00000      -99.00000      -99.00000      -99.00000      -99.00000      -99.00000      -99.00000      -99.00000      -99.00000      -99.00000      -99.00000      -99.00000      -99.00000      -99.00000      -99.00000      -99.00000
     1.0000       180    -0.17     0.50      0.26      0.04   0.0137      0.0153919      0.0118422       26.95186        0.00000     6951.92578      -99.00000      -99.00000      -99.00000      -99.00000      -99.00000      -99.00000      -99.00000      -99.00000      -99.00000      -99.00000      -99.00000      -99.00000      -99.00000      -99.00000      -99.00000      -99.00000      -99.00000      -99.00000      -99.00000      -99.00000      -99.00000      -99.00000      -99.00000
                                   1.00      0.26      0.04   0.0142      0.0306352      0.0234805       26.88997        0.00000     6890.11328      -99.00000      -99.00000      -99.00000      -99.00000      -99.00000      -99.00000      -99.00000      -99.00000      -99.00000      -99.00000      -99.00000      -99.00000      -99.00000      -99.00000      -99.00000      -99.00000      -99.00000      -99.00000      -99.00000      -99.00000      -99.00000      -99.00000      -99.00000
                                   1.50      0.26      0.04   0.0148      0.0305222      0.0233254       26.80616        0.00000     6806.25977      -99.00000      -99.00000      -99.00000      -99.00000      -99.00000      -99.00000      -99.00000      -99.00000      -99.00000      -99.00000      -99.00000      -99.00000      -99.00000      -99.00000      -99.00000      -99.00000      -99.00000      -99.00000      -99.00000      -99.00000      -99.00000      -99.00000      -99.00000
                                   2.00      0.26      0.04   0.0153      0.0305671      0.0233870       26.72762        0.00000     6727.88428      -99.00000      -99.00000      -99.00000      -99.00000      -99.00000      -99.00000      -99.00000      -99.00000      -99.00000      -99.00000      -99.00000      -99.00000      -99.00000      -99.00000      -99.00000      -99.00000      -99.00000      -99.00000      -99.00000      -99.00000      -99.00000      -99.00000      -99.00000
                                   2.50      0.25      0.04   0.0158      0.0305765      0.0233998       26.65018        0.00000     6650.48486      -99.00000      -99.00000      -99.00000      -99.00000      -99.00000      -99.00000      -99.00000      -99.00000      -99.00000      -99.00000      -99.00000      -99.00000      -99.00000      -99.00000      -99.00000      -99.00000      -99.00000      -99.00000      -99.00000      -99.00000      -99.00000      -99.00000      -99.00000
                                   3.00      0.25      0.04   0.0163      0.0305765      0.0233999       26.57253        0.00000     6572.84619      -99.00000      -99.00000      -99.00000      -99.00000      -99.00000      -99.00000      -99.00000      -99.00000      -99.00000      -99.00000      -99.00000      -99.00000      -99.00000      -99.00000      -99.00000      -99.00000      -99.00000      -99.00000      -99.00000      -99.00000      -99.00000      -99.00000      -99.00000
                                   3.50      0.25      0.04   0.0168      0.0305796      0.0234042       26.49486        0.00000     6495.21240      -99.00000      -99.00000      -99.00000      -99.00000      -99.00000      -99.00000      -99.00000      -99.00000      -99.00000      -99.00000      -99.00000      -99.00000      -99.00000      -99.00000      -99.00000      -99.00000      -99.00000      -99.00000      -99.00000      -99.00000      -99.00000      -99.00000      -99.00000
                                   4.00      0.24      0.04   0.0173      0.0305843      0.0234106       26.41729        0.00000     6417.56104      -99.00000      -99.00000      -99.00000      -99.00000      -99.00000      -99.00000      -99.00000      -99.00000      -99.00000      -99.00000      -99.00000      -99.00000      -99.00000      -99.00000      -99.00000      -99.00000      -99.00000      -99.00000      -99.00000      -99.00000      -99.00000      -99.00000      -99.00000
                                   4.50      0.24      0.04   0.0177      0.0305859      0.0234128       26.33966        0.00000     6339.92969      -99.00000      -99.00000      -99.00000      -99.00000      -99.00000      -99.00000      -99.00000      -99.00000      -99.00000      -99.00000      -99.00000      -99.00000      -99.00000      -99.00000      -99.00000      -99.00000      -99.00000      -99.00000      -99.00000      -99.00000      -99.00000      -99.00000      -99.00000
                                   5.00      0.23      0.04   0.0182      0.0306047      0.0234386       26.26204        0.00000     6262.38672      -99.00000      -99.00000      -99.00000      -99.00000      -99.00000      -99.00000      -99.00000      -99.00000      -99.00000      -99.00000      -99.00000      -99.00000      -99.00000      -99.00000      -99.00000      -99.00000      -99.00000      -99.00000      -99.00000      -99.00000      -99.00000      -99.00000      -99.00000
                                   5.50      0.22      0.04   0.0186      0.0306360      0.0234816       26.18679        0.00000     6186.62939      -99.00000      -99.00000      -99.00000      -99.00000      -99.00000      -99.00000      -99.00000      -99.00000      -99.00000      -99.00000      -99.00000      -99.00000      -99.00000      -99.00000      -99.00000      -99.00000      -99.00000      -99.00000      -99.00000      -99.00000      -99.00000      -99.00000      -99.00000
                                   6.00      0.22      0.04   0.0190      0.0303577      0.0230999       26.11324        0.00000     6114.10938      -99.00000      -99.00000      -99.00000      -99.00000      -99.00000      -99.00000      -99.00000      -99.00000      -99.00000      -99.00000      -99.00000      -99.00000      -99.00000      -99.00000      -99.00000      -99.00000      -99.00000      -99.00000      -99.00000      -99.00000      -99.00000      -99.00000      -99.00000
                                   6.50      0.19      0.04   0.0194      0.0266192      0.0180436       25.99500        0.00000     6008.62598      -99.00000      -99.00000      -99.00000      -99.00000      -99.00000      -99.00000      -99.00000      -99.00000      -99.00000      -99.00000      -99.00000      -99.00000      -99.00000      -99.00000      -99.00000      -99.00000      -99.00000      -99.00000      -99.00000      -99.00000      -99.00000      -99.00000      -99.00000
                                   7.00      0.07      0.05   0.0197      0.0222432      0.0121701       24.90376        0.00000     5372.60742      -99.00000      -99.00000      -99.00000      -99.00000      -99.00000      -99.00000      -99.00000      -99.00000      -99.00000      -99.00000      -99.00000      -99.00000      -99.00000      -99.00000      -99.00000      -99.00000      -99.00000      -99.00000      -99.00000      -99.00000      -99.00000      -99.00000      -99.00000
                                   7.50     -0.12      0.07   0.0195      0.0214689      0.0111540       23.16024        0.00000     4377.43506      -99.00000      -99.00000      -99.00000      -99.00000      -99.00000      -99.00000      -99.00000      -99.00000      -99.00000      -99.00000      -99.00000      -99.00000      -99.00000      -99.00000      -99.00000      -99.00000      -99.00000      -99.00000      -99.00000      -99.00000      -99.00000      -99.00000      -99.00000
                                   8.00     -0.31      0.09   0.0187      0.0218588      0.0116618       21.41195        0.00000     3379.72144      -99.00000      -99.00000      -99.00000      -99.00000      -99.00000      -99.00000      -99.00000      -99.00000      -99.00000      -99.00000      -99.00000      -99.00000      -99.00000      -99.00000      -99.00000      -99.00000      -99.00000      -99.00000      -99.00000      -99.00000      -99.00000      -99.00000      -99.00000
                                   8.50     -0.46      0.10   0.0173      0.0240331      0.0145492       19.71060        0.00000     2406.05347      -99.00000      -99.00000      -99.00000      -99.00000      -99.00000      -99.00000      -99.00000      -99.00000      -99.00000      -99.00000      -99.00000      -99.00000      -99.00000      -99.00000      -99.00000      -99.00000      -99.00000      -99.00000      -99.00000      -99.00000      -99.00000      -99.00000      -99.00000
                                   9.00     -0.52      0.11   0.0155      0.0284938      0.0205661       18.97823        0.00000     1972.13257      -99.00000      -99.00000      -99.00000      -99.00000      -99.00000      -99.00000      -99.00000      -99.00000      -99.00000      -99.00000      -99.00000      -99.00000      -99.00000      -99.00000      -99.00000      -99.00000      -99.00000      -99.00000      -99.00000      -99.00000      -99.00000      -99.00000      -99.00000
                                   9.50     -0.52      0.11   0.0136      0.0310887      0.0241032       18.91392        0.00000     1914.32068      -99.00000      -99.00000      -99.00000      -99.00000      -99.00000      -99.00000      -99.00000      -99.00000      -99.00000      -99.00000      -99.00000      -99.00000      -99.00000      -99.00000      -99.00000      -99.00000      -99.00000      -99.00000      -99.00000      -99.00000      -99.00000      -99.00000      -99.00000
                                  10.00     -0.52      0.11   0.0117      0.0311564      0.0241963       18.86300        0.00000     1863.27869      -99.00000      -99.00000      -99.00000      -99.00000      -99.00000      -99.00000      -99.00000      -99.00000      -99.00000      -99.00000      -99.00000      -99.00000      -99.00000      -99.00000      -99.00000      -99.00000      -99.00000      -99.00000      -99.00000      -99.00000      -99.00000      -99.00000      -99.00000
                                  10.50     -0.53      0.12   0.0098      0.0311514      0.0241894       18.81074        0.00000     1810.97961      -99.00000      -99.00000      -99.00000      -99.00000      -99.00000      -99.00000      -99.00000      -99.00000      -99.00000      -99.00000      -99.00000      -99.00000      -99.00000      -99.00000      -99.00000      -99.00000      -99.00000      -99.00000      -99.00000      -99.00000      -99.00000      -99.00000      -99.00000
                                  11.00     -0.53      0.12   0.0079      0.0311515      0.0241894       18.75836        0.00000     1758.55847      -99.00000      -99.00000      -99.00000      -99.00000      -99.00000      -99.00000      -99.00000      -99.00000      -99.00000      -99.00000      -99.00000      -99.00000      -99.00000      -99.00000      -99.00000      -99.00000      -99.00000      -99.00000      -99.00000      -99.00000      -99.00000      -99.00000      -99.00000
                                  11.50     -0.53      0.13   0.0061      0.0311565      0.0241963       18.70587        0.00000     1706.11108      -99.00000      -99.00000      -99.00000      -99.00000      -99.00000      -99.00000      -99.00000      -99.00000      -99.00000      -99.00000      -99.00000      -99.00000      -99.00000      -99.00000      -99.00000      -99.00000      -99.00000      -99.00000      -99.00000      -99.00000      -99.00000      -99.00000      -99.00000
                                  12.00     -0.54      0.12   0.0043      0.0311798      0.0242284       18.65398        0.00000     1653.92932      -99.00000      -99.00000      -99.00000      -99.00000      -99.00000      -99.00000      -99.00000      -99.00000      -99.00000      -99.00000      -99.00000      -99.00000      -99.00000      -99.00000      -99.00000      -99.00000      -99.00000      -99.00000      -99.00000      -99.00000      -99.00000      -99.00000      -99.00000
                                  12.50     -0.57      0.00   0.0024      0.0155991      0.0121268       18.60554        0.00000     1605.49597      -99.00000      -99.00000      -99.00000      -99.00000      -99.00000      -99.00000      -99.00000      -99.00000      -99.00000      -99.00000      -99.00000      -99.00000      -99.00000      -99.00000      -99.00000      -99.00000      -99.00000      -99.00000      -99.00000      -99.00000      -99.00000      -99.00000      -99.00000
                                  13.00      0.00      0.00   0.0000      0.0000000      0.0000000       18.60554        0.00000     1552.63147      -99.00000      -99.00000      -99.00000      -99.00000      -99.00000      -99.00000      -99.00000      -99.00000      -99.00000      -99.00000      -99.00000      -99.00000      -99.00000      -99.00000      -99.00000      -99.00000      -99.00000      -99.00000      -99.00000      -99.00000      -99.00000      -99.00000      -99.00000
