DOUBLE PLUME SIMULATION ----------------------------                            
Run number = 202604161250,  Start date of run:   7/ 9/2022 at 0300 hours
i = 193  j =  74  km =  29   dt =20.00 sec  hhs =14.500 m   dz = 0.50 m
iexplt = 0  itrap = 1  cd =  0.0020  ismooth = 0  beta = 0.050 niter = 2
iextrp = 0  f = 0.0001  tramp=      0.0  iupwind = 0
    time       step       zeta    depth       u         v       w          Av               Dv        scalar     Tracers-> 
     hrs        no         cm        m       cm/s      cm/s     cm/s       cm2/s           cm2/s       oC          g/l   -> 
     0.0000         0     0.00     0.50      0.00      0.00   0.0000      0.0000000      0.0000000       26.96150        0.00000     6961.53857      -99.00000      -99.00000      -99.00000      -99.00000      -99.00000      -99.00000      -99.00000      -99.00000      -99.00000      -99.00000      -99.00000      -99.00000      -99.00000      -99.00000      -99.00000      -99.00000      -99.00000      -99.00000      -99.00000      -99.00000      -99.00000      -99.00000      -99.00000
                                   1.00      0.00      0.00   0.0000      0.0000000      0.0000000       26.88460        0.00000     6884.61523      -99.00000      -99.00000      -99.00000      -99.00000      -99.00000      -99.00000      -99.00000      -99.00000      -99.00000      -99.00000      -99.00000      -99.00000      -99.00000      -99.00000      -99.00000      -99.00000      -99.00000      -99.00000      -99.00000      -99.00000      -99.00000      -99.00000      -99.00000
                                   1.50      0.00      0.00   0.0000      0.0000000      0.0000000       26.80770        0.00000     6807.69238      -99.00000      -99.00000      -99.00000      -99.00000      -99.00000      -99.00000      -99.00000      -99.00000      -99.00000      -99.00000      -99.00000      -99.00000      -99.00000      -99.00000      -99.00000      -99.00000      -99.00000      -99.00000      -99.00000      -99.00000      -99.00000      -99.00000      -99.00000
                                   2.00      0.00      0.00   0.0000      0.0000000      0.0000000       26.73080        0.00000     6730.76904      -99.00000      -99.00000      -99.00000      -99.00000      -99.00000      -99.00000      -99.00000      -99.00000      -99.00000      -99.00000      -99.00000      -99.00000      -99.00000      -99.00000      -99.00000      -99.00000      -99.00000      -99.00000      -99.00000      -99.00000      -99.00000      -99.00000      -99.00000
                                   2.50      0.00      0.00   0.0000      0.0000000      0.0000000       26.65380        0.00000     6653.84619      -99.00000      -99.00000      -99.00000      -99.00000      -99.00000      -99.00000      -99.00000      -99.00000      -99.00000      -99.00000      -99.00000      -99.00000      -99.00000      -99.00000      -99.00000      -99.00000      -99.00000      -99.00000      -99.00000      -99.00000      -99.00000      -99.00000      -99.00000
                                   3.00      0.00      0.00   0.0000      0.0000000      0.0000000       26.57690        0.00000     6576.92334      -99.00000      -99.00000      -99.00000      -99.00000      -99.00000      -99.00000      -99.00000      -99.00000      -99.00000      -99.00000      -99.00000      -99.00000      -99.00000      -99.00000      -99.00000      -99.00000      -99.00000      -99.00000      -99.00000      -99.00000      -99.00000      -99.00000      -99.00000
                                   3.50      0.00      0.00   0.0000      0.0000000      0.0000000       26.50000        0.00000     6500.00000      -99.00000      -99.00000      -99.00000      -99.00000      -99.00000      -99.00000      -99.00000      -99.00000      -99.00000      -99.00000      -99.00000      -99.00000      -99.00000      -99.00000      -99.00000      -99.00000      -99.00000      -99.00000      -99.00000      -99.00000      -99.00000      -99.00000      -99.00000
                                   4.00      0.00      0.00   0.0000      0.0000000      0.0000000       26.42310        0.00000     6423.07666      -99.00000      -99.00000      -99.00000      -99.00000      -99.00000      -99.00000      -99.00000      -99.00000      -99.00000      -99.00000      -99.00000      -99.00000      -99.00000      -99.00000      -99.00000      -99.00000      -99.00000      -99.00000      -99.00000      -99.00000      -99.00000      -99.00000      -99.00000
                                   4.50      0.00      0.00   0.0000      0.0000000      0.0000000       26.34620        0.00000     6346.15381      -99.00000      -99.00000      -99.00000      -99.00000      -99.00000      -99.00000      -99.00000      -99.00000      -99.00000      -99.00000      -99.00000      -99.00000      -99.00000      -99.00000      -99.00000      -99.00000      -99.00000      -99.00000      -99.00000      -99.00000      -99.00000      -99.00000      -99.00000
                                   5.00      0.00      0.00   0.0000      0.0000000      0.0000000       26.26920        0.00000     6269.23096      -99.00000      -99.00000      -99.00000      -99.00000      -99.00000      -99.00000      -99.00000      -99.00000      -99.00000      -99.00000      -99.00000      -99.00000      -99.00000      -99.00000      -99.00000      -99.00000      -99.00000      -99.00000      -99.00000      -99.00000      -99.00000      -99.00000      -99.00000
                                   5.50      0.00      0.00   0.0000      0.0000000      0.0000000       26.19230        0.00000     6192.30762      -99.00000      -99.00000      -99.00000      -99.00000      -99.00000      -99.00000      -99.00000      -99.00000      -99.00000      -99.00000      -99.00000      -99.00000      -99.00000      -99.00000      -99.00000      -99.00000      -99.00000      -99.00000      -99.00000      -99.00000      -99.00000      -99.00000      -99.00000
                                   6.00      0.00      0.00   0.0000      0.0000000      0.0000000       26.11540        0.00000     6115.38477      -99.00000      -99.00000      -99.00000      -99.00000      -99.00000      -99.00000      -99.00000      -99.00000      -99.00000      -99.00000      -99.00000      -99.00000      -99.00000      -99.00000      -99.00000      -99.00000      -99.00000      -99.00000      -99.00000      -99.00000      -99.00000      -99.00000      -99.00000
                                   6.50      0.00      0.00   0.0000      0.0000000      0.0000000       26.03850        0.00000     6038.46143      -99.00000      -99.00000      -99.00000      -99.00000      -99.00000      -99.00000      -99.00000      -99.00000      -99.00000      -99.00000      -99.00000      -99.00000      -99.00000      -99.00000      -99.00000      -99.00000      -99.00000      -99.00000      -99.00000      -99.00000      -99.00000      -99.00000      -99.00000
                                   7.00      0.00      0.00   0.0000      0.0000000      0.0000000       25.12500        0.00000     5500.00000      -99.00000      -99.00000      -99.00000      -99.00000      -99.00000      -99.00000      -99.00000      -99.00000      -99.00000      -99.00000      -99.00000      -99.00000      -99.00000      -99.00000      -99.00000      -99.00000      -99.00000      -99.00000      -99.00000      -99.00000      -99.00000      -99.00000      -99.00000
                                   7.50      0.00      0.00   0.0000      0.0000000      0.0000000       23.37500        0.00000     4500.00000      -99.00000      -99.00000      -99.00000      -99.00000      -99.00000      -99.00000      -99.00000      -99.00000      -99.00000      -99.00000      -99.00000      -99.00000      -99.00000      -99.00000      -99.00000      -99.00000      -99.00000      -99.00000      -99.00000      -99.00000      -99.00000      -99.00000      -99.00000
                                   8.00      0.00      0.00   0.0000      0.0000000      0.0000000       21.62500        0.00000     3500.00000      -99.00000      -99.00000      -99.00000      -99.00000      -99.00000      -99.00000      -99.00000      -99.00000      -99.00000      -99.00000      -99.00000      -99.00000      -99.00000      -99.00000      -99.00000      -99.00000      -99.00000      -99.00000      -99.00000      -99.00000      -99.00000      -99.00000      -99.00000
                                   8.50      0.00      0.00   0.0000      0.0000000      0.0000000       19.87500        0.00000     2500.00000      -99.00000      -99.00000      -99.00000      -99.00000      -99.00000      -99.00000      -99.00000      -99.00000      -99.00000      -99.00000      -99.00000      -99.00000      -99.00000      -99.00000      -99.00000      -99.00000      -99.00000      -99.00000      -99.00000      -99.00000      -99.00000      -99.00000      -99.00000
                                   9.00      0.00      0.00   0.0000      0.0000000      0.0000000       18.97370        0.00000     1973.68420      -99.00000      -99.00000      -99.00000      -99.00000      -99.00000      -99.00000      -99.00000      -99.00000      -99.00000      -99.00000      -99.00000      -99.00000      -99.00000      -99.00000      -99.00000      -99.00000      -99.00000      -99.00000      -99.00000      -99.00000      -99.00000      -99.00000      -99.00000
                                   9.50      0.00      0.00   0.0000      0.0000000      0.0000000       18.92110        0.00000     1921.05261      -99.00000      -99.00000      -99.00000      -99.00000      -99.00000      -99.00000      -99.00000      -99.00000      -99.00000      -99.00000      -99.00000      -99.00000      -99.00000      -99.00000      -99.00000      -99.00000      -99.00000      -99.00000      -99.00000      -99.00000      -99.00000      -99.00000      -99.00000
                                  10.00      0.00      0.00   0.0000      0.0000000      0.0000000       18.86840        0.00000     1868.42114      -99.00000      -99.00000      -99.00000      -99.00000      -99.00000      -99.00000      -99.00000      -99.00000      -99.00000      -99.00000      -99.00000      -99.00000      -99.00000      -99.00000      -99.00000      -99.00000      -99.00000      -99.00000      -99.00000      -99.00000      -99.00000      -99.00000      -99.00000
                                  10.50      0.00      0.00   0.0000      0.0000000      0.0000000       18.81580        0.00000     1815.78955      -99.00000      -99.00000      -99.00000      -99.00000      -99.00000      -99.00000      -99.00000      -99.00000      -99.00000      -99.00000      -99.00000      -99.00000      -99.00000      -99.00000      -99.00000      -99.00000      -99.00000      -99.00000      -99.00000      -99.00000      -99.00000      -99.00000      -99.00000
                                  11.00      0.00      0.00   0.0000      0.0000000      0.0000000       18.76320        0.00000     1763.15796      -99.00000      -99.00000      -99.00000      -99.00000      -99.00000      -99.00000      -99.00000      -99.00000      -99.00000      -99.00000      -99.00000      -99.00000      -99.00000      -99.00000      -99.00000      -99.00000      -99.00000      -99.00000      -99.00000      -99.00000      -99.00000      -99.00000      -99.00000
                                  11.50      0.00      0.00   0.0000      0.0000000      0.0000000       18.71050        0.00000     1710.52625      -99.00000      -99.00000      -99.00000      -99.00000      -99.00000      -99.00000      -99.00000      -99.00000      -99.00000      -99.00000      -99.00000      -99.00000      -99.00000      -99.00000      -99.00000      -99.00000      -99.00000      -99.00000      -99.00000      -99.00000      -99.00000      -99.00000      -99.00000
                                  12.00      0.00      0.00   0.0000      0.0000000      0.0000000       18.65790        0.00000     1657.89465      -99.00000      -99.00000      -99.00000      -99.00000      -99.00000      -99.00000      -99.00000      -99.00000      -99.00000      -99.00000      -99.00000      -99.00000      -99.00000      -99.00000      -99.00000      -99.00000      -99.00000      -99.00000      -99.00000      -99.00000      -99.00000      -99.00000      -99.00000
                                  12.50      0.00      0.00   0.0000      0.0000000      0.0000000       18.60530        0.00000     1605.26318      -99.00000      -99.00000      -99.00000      -99.00000      -99.00000      -99.00000      -99.00000      -99.00000      -99.00000      -99.00000      -99.00000      -99.00000      -99.00000      -99.00000      -99.00000      -99.00000      -99.00000      -99.00000      -99.00000      -99.00000      -99.00000      -99.00000      -99.00000
                                  13.00      0.00      0.00   0.0000      0.0000000      0.0000000       18.55260        0.00000     1552.63159      -99.00000      -99.00000      -99.00000      -99.00000      -99.00000      -99.00000      -99.00000      -99.00000      -99.00000      -99.00000      -99.00000      -99.00000      -99.00000      -99.00000      -99.00000      -99.00000      -99.00000      -99.00000      -99.00000      -99.00000      -99.00000      -99.00000      -99.00000
                                  13.50      0.00      0.00   0.0000      0.0000000      0.0000000       18.50000        0.00000     1500.00000      -99.00000      -99.00000      -99.00000      -99.00000      -99.00000      -99.00000      -99.00000      -99.00000      -99.00000      -99.00000      -99.00000      -99.00000      -99.00000      -99.00000      -99.00000      -99.00000      -99.00000      -99.00000      -99.00000      -99.00000      -99.00000      -99.00000      -99.00000
                                  14.00      0.00      0.00   0.0000      0.0000000      0.0000000       18.44740        0.00000     1447.36841      -99.00000      -99.00000      -99.00000      -99.00000      -99.00000      -99.00000      -99.00000      -99.00000      -99.00000      -99.00000      -99.00000      -99.00000      -99.00000      -99.00000      -99.00000      -99.00000      -99.00000      -99.00000      -99.00000      -99.00000      -99.00000      -99.00000      -99.00000
                                  14.50      0.00      0.00   0.0000      0.0000000      0.0000000       18.39470        0.00000     1394.73682      -99.00000      -99.00000      -99.00000      -99.00000      -99.00000      -99.00000      -99.00000      -99.00000      -99.00000      -99.00000      -99.00000      -99.00000      -99.00000      -99.00000      -99.00000      -99.00000      -99.00000      -99.00000      -99.00000      -99.00000      -99.00000      -99.00000      -99.00000
                                  15.00      0.00      0.00   0.0000      0.0000000      0.0000000       18.34210        0.00000     1342.10535      -99.00000      -99.00000      -99.00000      -99.00000      -99.00000      -99.00000      -99.00000      -99.00000      -99.00000      -99.00000      -99.00000      -99.00000      -99.00000      -99.00000      -99.00000      -99.00000      -99.00000      -99.00000      -99.00000      -99.00000      -99.00000      -99.00000      -99.00000
     1.0000       180    -6.13     0.50    -33.62     -3.77  -0.3012      0.0710168      0.0650532       23.10865       93.52359     4471.08838      -99.00000      -99.00000      -99.00000      -99.00000      -99.00000      -99.00000      -99.00000      -99.00000      -99.00000      -99.00000      -99.00000      -99.00000      -99.00000      -99.00000      -99.00000      -99.00000      -99.00000      -99.00000      -99.00000      -99.00000      -99.00000      -99.00000      -99.00000
                                   1.00    -29.88     -3.20  -0.6818      0.1601167      0.1481436       23.10818       93.35848     4470.58984      -99.00000      -99.00000      -99.00000      -99.00000      -99.00000      -99.00000      -99.00000      -99.00000      -99.00000      -99.00000      -99.00000      -99.00000      -99.00000      -99.00000      -99.00000      -99.00000      -99.00000      -99.00000      -99.00000      -99.00000      -99.00000      -99.00000      -99.00000
                                   1.50    -21.34     -4.33  -0.5543      0.1811991      0.1691725       23.10686       93.17878     4469.32617      -99.00000      -99.00000      -99.00000      -99.00000      -99.00000      -99.00000      -99.00000      -99.00000      -99.00000      -99.00000      -99.00000      -99.00000      -99.00000      -99.00000      -99.00000      -99.00000      -99.00000      -99.00000      -99.00000      -99.00000      -99.00000      -99.00000      -99.00000
                                   2.00     -7.97     -4.54  -0.3764      0.1900010      0.1779522       23.10447       92.81403     4467.22363      -99.00000      -99.00000      -99.00000      -99.00000      -99.00000      -99.00000      -99.00000      -99.00000      -99.00000      -99.00000      -99.00000      -99.00000      -99.00000      -99.00000      -99.00000      -99.00000      -99.00000      -99.00000      -99.00000      -99.00000      -99.00000      -99.00000      -99.00000
                                   2.50     12.14     -4.70  -0.0810      0.1943020      0.1822422       23.10130       92.17500     4464.01123      -99.00000      -99.00000      -99.00000      -99.00000      -99.00000      -99.00000      -99.00000      -99.00000      -99.00000      -99.00000      -99.00000      -99.00000      -99.00000      -99.00000      -99.00000      -99.00000      -99.00000      -99.00000      -99.00000      -99.00000      -99.00000      -99.00000      -99.00000
                                   3.00     42.01     -6.41   0.3994      0.1839658      0.1719323       23.09666       91.24640     4460.01172      -99.00000      -99.00000      -99.00000      -99.00000      -99.00000      -99.00000      -99.00000      -99.00000      -99.00000      -99.00000      -99.00000      -99.00000      -99.00000      -99.00000      -99.00000      -99.00000      -99.00000      -99.00000      -99.00000      -99.00000      -99.00000      -99.00000      -99.00000
                                   3.50     86.44     -2.49   1.1472    222.8530124    308.5215762       23.09623      130.55746     4520.24805      -99.00000      -99.00000      -99.00000      -99.00000      -99.00000      -99.00000      -99.00000      -99.00000      -99.00000      -99.00000      -99.00000      -99.00000      -99.00000      -99.00000      -99.00000      -99.00000      -99.00000      -99.00000      -99.00000      -99.00000      -99.00000      -99.00000      -99.00000
                                   4.00     55.33     -2.82  -5.7265    223.1964469    308.8641353       23.10062      120.45596     4506.11084      -99.00000      -99.00000      -99.00000      -99.00000      -99.00000      -99.00000      -99.00000      -99.00000      -99.00000      -99.00000      -99.00000      -99.00000      -99.00000      -99.00000      -99.00000      -99.00000      -99.00000      -99.00000      -99.00000      -99.00000      -99.00000      -99.00000      -99.00000
                                   4.50     37.32     -3.29  -4.8433      0.9752005      0.9611605       23.10243      114.92686     4496.46973      -99.00000      -99.00000      -99.00000      -99.00000      -99.00000      -99.00000      -99.00000      -99.00000      -99.00000      -99.00000      -99.00000      -99.00000      -99.00000      -99.00000      -99.00000      -99.00000      -99.00000      -99.00000      -99.00000      -99.00000      -99.00000      -99.00000      -99.00000
                                   5.00     25.80     -6.37  -4.1593      1.5988256      1.5832041       23.07127       78.62319     4434.07812      -99.00000      -99.00000      -99.00000      -99.00000      -99.00000      -99.00000      -99.00000      -99.00000      -99.00000      -99.00000      -99.00000      -99.00000      -99.00000      -99.00000      -99.00000      -99.00000      -99.00000      -99.00000      -99.00000      -99.00000      -99.00000      -99.00000      -99.00000
                                   5.50     20.64     -6.69  -3.6261      3.5434045      3.5228516       23.07606      110.83713     4487.91064      -99.00000      -99.00000      -99.00000      -99.00000      -99.00000      -99.00000      -99.00000      -99.00000      -99.00000      -99.00000      -99.00000      -99.00000      -99.00000      -99.00000      -99.00000      -99.00000      -99.00000      -99.00000      -99.00000      -99.00000      -99.00000      -99.00000      -99.00000
                                   6.00     18.66     -6.76  -3.1499      3.7002409      3.6792905       23.07708      112.25470     4489.91895      -99.00000      -99.00000      -99.00000      -99.00000      -99.00000      -99.00000      -99.00000      -99.00000      -99.00000      -99.00000      -99.00000      -99.00000      -99.00000      -99.00000      -99.00000      -99.00000      -99.00000      -99.00000      -99.00000      -99.00000      -99.00000      -99.00000      -99.00000
                                   6.50     19.27     -5.79  -2.7038      1.8426249      1.8263853       23.08757      123.63477     4506.51318      -99.00000      -99.00000      -99.00000      -99.00000      -99.00000      -99.00000      -99.00000      -99.00000      -99.00000      -99.00000      -99.00000      -99.00000      -99.00000      -99.00000      -99.00000      -99.00000      -99.00000      -99.00000      -99.00000      -99.00000      -99.00000      -99.00000      -99.00000
                                   7.00     20.47     -5.53  -2.2602      1.0000562      0.9859532       23.09074      125.92205     4510.08057      -99.00000      -99.00000      -99.00000      -99.00000      -99.00000      -99.00000      -99.00000      -99.00000      -99.00000      -99.00000      -99.00000      -99.00000      -99.00000      -99.00000      -99.00000      -99.00000      -99.00000      -99.00000      -99.00000      -99.00000      -99.00000      -99.00000      -99.00000
                                   7.50     20.87     -5.42  -1.8298      0.6366643      0.6234828       23.09260      127.17928     4512.08447      -99.00000      -99.00000      -99.00000      -99.00000      -99.00000      -99.00000      -99.00000      -99.00000      -99.00000      -99.00000      -99.00000      -99.00000      -99.00000      -99.00000      -99.00000      -99.00000      -99.00000      -99.00000      -99.00000      -99.00000      -99.00000      -99.00000      -99.00000
                                   8.00     18.68     -5.34  -1.4143      0.5941767      0.5811029       23.09394      128.08159     4513.54346      -99.00000      -99.00000      -99.00000      -99.00000      -99.00000      -99.00000      -99.00000      -99.00000      -99.00000      -99.00000      -99.00000      -99.00000      -99.00000      -99.00000      -99.00000      -99.00000      -99.00000      -99.00000      -99.00000      -99.00000      -99.00000      -99.00000      -99.00000
                                   8.50     21.45     -5.36  -1.0381      1.0406027      1.0263969       23.09454      128.49800     4514.22754      -99.00000      -99.00000      -99.00000      -99.00000      -99.00000      -99.00000      -99.00000      -99.00000      -99.00000      -99.00000      -99.00000      -99.00000      -99.00000      -99.00000      -99.00000      -99.00000      -99.00000      -99.00000      -99.00000      -99.00000      -99.00000      -99.00000      -99.00000
                                   9.00     20.64     -5.40  -0.6499      2.0759080      2.0590768       23.09297      127.40617     4512.46875      -99.00000      -99.00000      -99.00000      -99.00000      -99.00000      -99.00000      -99.00000      -99.00000      -99.00000      -99.00000      -99.00000      -99.00000      -99.00000      -99.00000      -99.00000      -99.00000      -99.00000      -99.00000      -99.00000      -99.00000      -99.00000      -99.00000      -99.00000
                                   9.50     17.46     -5.64  -0.2846      3.3960698      3.3758907       23.08959      124.67109     4508.45068      -99.00000      -99.00000      -99.00000      -99.00000      -99.00000      -99.00000      -99.00000      -99.00000      -99.00000      -99.00000      -99.00000      -99.00000      -99.00000      -99.00000      -99.00000      -99.00000      -99.00000      -99.00000      -99.00000      -99.00000      -99.00000      -99.00000      -99.00000
                                  10.00     12.72     -6.26   0.0343      5.2708556      5.2865449       23.08146      113.65558     4496.03516      -99.00000      -99.00000      -99.00000      -99.00000      -99.00000      -99.00000      -99.00000      -99.00000      -99.00000      -99.00000      -99.00000      -99.00000      -99.00000      -99.00000      -99.00000      -99.00000      -99.00000      -99.00000      -99.00000      -99.00000      -99.00000      -99.00000      -99.00000
                                  10.50      6.94     -6.84   0.2934      9.9691062     10.7708690       23.07867       92.47042     4482.31055      -99.00000      -99.00000      -99.00000      -99.00000      -99.00000      -99.00000      -99.00000      -99.00000      -99.00000      -99.00000      -99.00000      -99.00000      -99.00000      -99.00000      -99.00000      -99.00000      -99.00000      -99.00000      -99.00000      -99.00000      -99.00000      -99.00000      -99.00000
                                  11.00      0.52     -6.96   0.4814     16.1265908     18.5986981       23.08369       88.67496     4485.01709      -99.00000      -99.00000      -99.00000      -99.00000      -99.00000      -99.00000      -99.00000      -99.00000      -99.00000      -99.00000      -99.00000      -99.00000      -99.00000      -99.00000      -99.00000      -99.00000      -99.00000      -99.00000      -99.00000      -99.00000      -99.00000      -99.00000      -99.00000
                                  11.50     -6.41     -6.74   0.5868     20.2861987     24.1841469       23.08987       89.19456     4491.14697      -99.00000      -99.00000      -99.00000      -99.00000      -99.00000      -99.00000      -99.00000      -99.00000      -99.00000      -99.00000      -99.00000      -99.00000      -99.00000      -99.00000      -99.00000      -99.00000      -99.00000      -99.00000      -99.00000      -99.00000      -99.00000      -99.00000      -99.00000
                                  12.00    -13.76     -6.49   0.5992     25.8762646     31.5405335       23.09432       90.74506     4496.14941      -99.00000      -99.00000      -99.00000      -99.00000      -99.00000      -99.00000      -99.00000      -99.00000      -99.00000      -99.00000      -99.00000      -99.00000      -99.00000      -99.00000      -99.00000      -99.00000      -99.00000      -99.00000      -99.00000      -99.00000      -99.00000      -99.00000      -99.00000
                                  12.50    -21.56     -6.30   0.5098     35.7206771     44.3533435       23.09693       91.93774     4498.75928      -99.00000      -99.00000      -99.00000      -99.00000      -99.00000      -99.00000      -99.00000      -99.00000      -99.00000      -99.00000      -99.00000      -99.00000      -99.00000      -99.00000      -99.00000      -99.00000      -99.00000      -99.00000      -99.00000      -99.00000      -99.00000      -99.00000      -99.00000
                                  13.00    -30.05     -6.07   0.3119     48.9212945     61.3308232       23.09845       92.70233     4500.23828      -99.00000      -99.00000      -99.00000      -99.00000      -99.00000      -99.00000      -99.00000      -99.00000      -99.00000      -99.00000      -99.00000      -99.00000      -99.00000      -99.00000      -99.00000      -99.00000      -99.00000      -99.00000      -99.00000      -99.00000      -99.00000      -99.00000      -99.00000
                                  13.50    -39.98     -5.55   0.0021     67.6876400     85.1679407       23.09945       93.16627     4501.32715      -99.00000      -99.00000      -99.00000      -99.00000      -99.00000      -99.00000      -99.00000      -99.00000      -99.00000      -99.00000      -99.00000      -99.00000      -99.00000      -99.00000      -99.00000      -99.00000      -99.00000      -99.00000      -99.00000      -99.00000      -99.00000      -99.00000      -99.00000
                                  14.00    -53.83     -5.40  -0.4195    100.9517536    127.1551289       23.09997       93.32463     4501.98828      -99.00000      -99.00000      -99.00000      -99.00000      -99.00000      -99.00000      -99.00000      -99.00000      -99.00000      -99.00000      -99.00000      -99.00000      -99.00000      -99.00000      -99.00000      -99.00000      -99.00000      -99.00000      -99.00000      -99.00000      -99.00000      -99.00000      -99.00000
                                  14.50      0.00      0.00   0.2825     61.4487799     77.4120120       23.10031       93.17593     4502.28125      -99.00000      -99.00000      -99.00000      -99.00000      -99.00000      -99.00000      -99.00000      -99.00000      -99.00000      -99.00000      -99.00000      -99.00000      -99.00000      -99.00000      -99.00000      -99.00000      -99.00000      -99.00000      -99.00000      -99.00000      -99.00000      -99.00000      -99.00000
                                  15.00      0.00      0.00   0.0000      0.0000000      0.0000000       23.10031        0.00000     1342.10535      -99.00000      -99.00000      -99.00000      -99.00000      -99.00000      -99.00000      -99.00000      -99.00000      -99.00000      -99.00000      -99.00000      -99.00000      -99.00000      -99.00000      -99.00000      -99.00000      -99.00000      -99.00000      -99.00000      -99.00000      -99.00000      -99.00000      -99.00000
