DOUBLE PLUME SIMULATION ----------------------------                            
Run number = 202604161250,  Start date of run:   7/ 9/2022 at 0300 hours
i = 205  j =  72  km =  20   dt =20.00 sec  hhs =10.000 m   dz = 0.50 m
iexplt = 0  itrap = 1  cd =  0.0020  ismooth = 0  beta = 0.050 niter = 2
iextrp = 0  f = 0.0001  tramp=      0.0  iupwind = 0
    time       step       zeta    depth       u         v       w          Av               Dv        scalar     Tracers-> 
     hrs        no         cm        m       cm/s      cm/s     cm/s       cm2/s           cm2/s       oC          g/l   -> 
     0.0000         0     0.00     0.50      0.00      0.00   0.0000      0.0000000      0.0000000       26.96150        0.00000     6961.53857      -99.00000      -99.00000      -99.00000      -99.00000      -99.00000      -99.00000      -99.00000      -99.00000      -99.00000      -99.00000      -99.00000      -99.00000      -99.00000      -99.00000      -99.00000      -99.00000      -99.00000      -99.00000      -99.00000      -99.00000      -99.00000      -99.00000      -99.00000
                                   1.00      0.00      0.00   0.0000      0.0000000      0.0000000       26.88460        0.00000     6884.61523      -99.00000      -99.00000      -99.00000      -99.00000      -99.00000      -99.00000      -99.00000      -99.00000      -99.00000      -99.00000      -99.00000      -99.00000      -99.00000      -99.00000      -99.00000      -99.00000      -99.00000      -99.00000      -99.00000      -99.00000      -99.00000      -99.00000      -99.00000
                                   1.50      0.00      0.00   0.0000      0.0000000      0.0000000       26.80770        0.00000     6807.69238      -99.00000      -99.00000      -99.00000      -99.00000      -99.00000      -99.00000      -99.00000      -99.00000      -99.00000      -99.00000      -99.00000      -99.00000      -99.00000      -99.00000      -99.00000      -99.00000      -99.00000      -99.00000      -99.00000      -99.00000      -99.00000      -99.00000      -99.00000
                                   2.00      0.00      0.00   0.0000      0.0000000      0.0000000       26.73080        0.00000     6730.76904      -99.00000      -99.00000      -99.00000      -99.00000      -99.00000      -99.00000      -99.00000      -99.00000      -99.00000      -99.00000      -99.00000      -99.00000      -99.00000      -99.00000      -99.00000      -99.00000      -99.00000      -99.00000      -99.00000      -99.00000      -99.00000      -99.00000      -99.00000
                                   2.50      0.00      0.00   0.0000      0.0000000      0.0000000       26.65380        0.00000     6653.84619      -99.00000      -99.00000      -99.00000      -99.00000      -99.00000      -99.00000      -99.00000      -99.00000      -99.00000      -99.00000      -99.00000      -99.00000      -99.00000      -99.00000      -99.00000      -99.00000      -99.00000      -99.00000      -99.00000      -99.00000      -99.00000      -99.00000      -99.00000
                                   3.00      0.00      0.00   0.0000      0.0000000      0.0000000       26.57690        0.00000     6576.92334      -99.00000      -99.00000      -99.00000      -99.00000      -99.00000      -99.00000      -99.00000      -99.00000      -99.00000      -99.00000      -99.00000      -99.00000      -99.00000      -99.00000      -99.00000      -99.00000      -99.00000      -99.00000      -99.00000      -99.00000      -99.00000      -99.00000      -99.00000
                                   3.50      0.00      0.00   0.0000      0.0000000      0.0000000       26.50000        0.00000     6500.00000      -99.00000      -99.00000      -99.00000      -99.00000      -99.00000      -99.00000      -99.00000      -99.00000      -99.00000      -99.00000      -99.00000      -99.00000      -99.00000      -99.00000      -99.00000      -99.00000      -99.00000      -99.00000      -99.00000      -99.00000      -99.00000      -99.00000      -99.00000
                                   4.00      0.00      0.00   0.0000      0.0000000      0.0000000       26.42310        0.00000     6423.07666      -99.00000      -99.00000      -99.00000      -99.00000      -99.00000      -99.00000      -99.00000      -99.00000      -99.00000      -99.00000      -99.00000      -99.00000      -99.00000      -99.00000      -99.00000      -99.00000      -99.00000      -99.00000      -99.00000      -99.00000      -99.00000      -99.00000      -99.00000
                                   4.50      0.00      0.00   0.0000      0.0000000      0.0000000       26.34620        0.00000     6346.15381      -99.00000      -99.00000      -99.00000      -99.00000      -99.00000      -99.00000      -99.00000      -99.00000      -99.00000      -99.00000      -99.00000      -99.00000      -99.00000      -99.00000      -99.00000      -99.00000      -99.00000      -99.00000      -99.00000      -99.00000      -99.00000      -99.00000      -99.00000
                                   5.00      0.00      0.00   0.0000      0.0000000      0.0000000       26.26920        0.00000     6269.23096      -99.00000      -99.00000      -99.00000      -99.00000      -99.00000      -99.00000      -99.00000      -99.00000      -99.00000      -99.00000      -99.00000      -99.00000      -99.00000      -99.00000      -99.00000      -99.00000      -99.00000      -99.00000      -99.00000      -99.00000      -99.00000      -99.00000      -99.00000
                                   5.50      0.00      0.00   0.0000      0.0000000      0.0000000       26.19230        0.00000     6192.30762      -99.00000      -99.00000      -99.00000      -99.00000      -99.00000      -99.00000      -99.00000      -99.00000      -99.00000      -99.00000      -99.00000      -99.00000      -99.00000      -99.00000      -99.00000      -99.00000      -99.00000      -99.00000      -99.00000      -99.00000      -99.00000      -99.00000      -99.00000
                                   6.00      0.00      0.00   0.0000      0.0000000      0.0000000       26.11540        0.00000     6115.38477      -99.00000      -99.00000      -99.00000      -99.00000      -99.00000      -99.00000      -99.00000      -99.00000      -99.00000      -99.00000      -99.00000      -99.00000      -99.00000      -99.00000      -99.00000      -99.00000      -99.00000      -99.00000      -99.00000      -99.00000      -99.00000      -99.00000      -99.00000
                                   6.50      0.00      0.00   0.0000      0.0000000      0.0000000       26.03850        0.00000     6038.46143      -99.00000      -99.00000      -99.00000      -99.00000      -99.00000      -99.00000      -99.00000      -99.00000      -99.00000      -99.00000      -99.00000      -99.00000      -99.00000      -99.00000      -99.00000      -99.00000      -99.00000      -99.00000      -99.00000      -99.00000      -99.00000      -99.00000      -99.00000
                                   7.00      0.00      0.00   0.0000      0.0000000      0.0000000       25.12500        0.00000     5500.00000      -99.00000      -99.00000      -99.00000      -99.00000      -99.00000      -99.00000      -99.00000      -99.00000      -99.00000      -99.00000      -99.00000      -99.00000      -99.00000      -99.00000      -99.00000      -99.00000      -99.00000      -99.00000      -99.00000      -99.00000      -99.00000      -99.00000      -99.00000
                                   7.50      0.00      0.00   0.0000      0.0000000      0.0000000       23.37500        0.00000     4500.00000      -99.00000      -99.00000      -99.00000      -99.00000      -99.00000      -99.00000      -99.00000      -99.00000      -99.00000      -99.00000      -99.00000      -99.00000      -99.00000      -99.00000      -99.00000      -99.00000      -99.00000      -99.00000      -99.00000      -99.00000      -99.00000      -99.00000      -99.00000
                                   8.00      0.00      0.00   0.0000      0.0000000      0.0000000       21.62500        0.00000     3500.00000      -99.00000      -99.00000      -99.00000      -99.00000      -99.00000      -99.00000      -99.00000      -99.00000      -99.00000      -99.00000      -99.00000      -99.00000      -99.00000      -99.00000      -99.00000      -99.00000      -99.00000      -99.00000      -99.00000      -99.00000      -99.00000      -99.00000      -99.00000
                                   8.50      0.00      0.00   0.0000      0.0000000      0.0000000       19.87500        0.00000     2500.00000      -99.00000      -99.00000      -99.00000      -99.00000      -99.00000      -99.00000      -99.00000      -99.00000      -99.00000      -99.00000      -99.00000      -99.00000      -99.00000      -99.00000      -99.00000      -99.00000      -99.00000      -99.00000      -99.00000      -99.00000      -99.00000      -99.00000      -99.00000
                                   9.00      0.00      0.00   0.0000      0.0000000      0.0000000       18.97370        0.00000     1973.68420      -99.00000      -99.00000      -99.00000      -99.00000      -99.00000      -99.00000      -99.00000      -99.00000      -99.00000      -99.00000      -99.00000      -99.00000      -99.00000      -99.00000      -99.00000      -99.00000      -99.00000      -99.00000      -99.00000      -99.00000      -99.00000      -99.00000      -99.00000
                                   9.50      0.00      0.00   0.0000      0.0000000      0.0000000       18.92110        0.00000     1921.05261      -99.00000      -99.00000      -99.00000      -99.00000      -99.00000      -99.00000      -99.00000      -99.00000      -99.00000      -99.00000      -99.00000      -99.00000      -99.00000      -99.00000      -99.00000      -99.00000      -99.00000      -99.00000      -99.00000      -99.00000      -99.00000      -99.00000      -99.00000
                                  10.00      0.00      0.00   0.0000      0.0000000      0.0000000       18.86840        0.00000     1868.42114      -99.00000      -99.00000      -99.00000      -99.00000      -99.00000      -99.00000      -99.00000      -99.00000      -99.00000      -99.00000      -99.00000      -99.00000      -99.00000      -99.00000      -99.00000      -99.00000      -99.00000      -99.00000      -99.00000      -99.00000      -99.00000      -99.00000      -99.00000
                                  10.50      0.00      0.00   0.0000      0.0000000      0.0000000       18.81580        0.00000     1815.78955      -99.00000      -99.00000      -99.00000      -99.00000      -99.00000      -99.00000      -99.00000      -99.00000      -99.00000      -99.00000      -99.00000      -99.00000      -99.00000      -99.00000      -99.00000      -99.00000      -99.00000      -99.00000      -99.00000      -99.00000      -99.00000      -99.00000      -99.00000
     1.0000       180     0.14     0.50      0.08     -0.00  -0.0111      0.0153974      0.0118498       26.95180        0.00000     6951.79639      -99.00000      -99.00000      -99.00000      -99.00000      -99.00000      -99.00000      -99.00000      -99.00000      -99.00000      -99.00000      -99.00000      -99.00000      -99.00000      -99.00000      -99.00000      -99.00000      -99.00000      -99.00000      -99.00000      -99.00000      -99.00000      -99.00000      -99.00000
                                   1.00      0.08     -0.00  -0.0103      0.0306422      0.0234902       26.89023        0.00000     6890.53125      -99.00000      -99.00000      -99.00000      -99.00000      -99.00000      -99.00000      -99.00000      -99.00000      -99.00000      -99.00000      -99.00000      -99.00000      -99.00000      -99.00000      -99.00000      -99.00000      -99.00000      -99.00000      -99.00000      -99.00000      -99.00000      -99.00000      -99.00000
                                   1.50      0.07     -0.00  -0.0094      0.0305284      0.0233339       26.80698        0.00000     6807.26807      -99.00000      -99.00000      -99.00000      -99.00000      -99.00000      -99.00000      -99.00000      -99.00000      -99.00000      -99.00000      -99.00000      -99.00000      -99.00000      -99.00000      -99.00000      -99.00000      -99.00000      -99.00000      -99.00000      -99.00000      -99.00000      -99.00000      -99.00000
                                   2.00      0.07     -0.01  -0.0086      0.0305764      0.0233998       26.72910        0.00000     6729.43555      -99.00000      -99.00000      -99.00000      -99.00000      -99.00000      -99.00000      -99.00000      -99.00000      -99.00000      -99.00000      -99.00000      -99.00000      -99.00000      -99.00000      -99.00000      -99.00000      -99.00000      -99.00000      -99.00000      -99.00000      -99.00000      -99.00000      -99.00000
                                   2.50      0.07     -0.01  -0.0078      0.0305827      0.0234084       26.65230        0.00000     6652.62061      -99.00000      -99.00000      -99.00000      -99.00000      -99.00000      -99.00000      -99.00000      -99.00000      -99.00000      -99.00000      -99.00000      -99.00000      -99.00000      -99.00000      -99.00000      -99.00000      -99.00000      -99.00000      -99.00000      -99.00000      -99.00000      -99.00000      -99.00000
                                   3.00      0.07     -0.01  -0.0069      0.0305843      0.0234106       26.57524        0.00000     6575.56543      -99.00000      -99.00000      -99.00000      -99.00000      -99.00000      -99.00000      -99.00000      -99.00000      -99.00000      -99.00000      -99.00000      -99.00000      -99.00000      -99.00000      -99.00000      -99.00000      -99.00000      -99.00000      -99.00000      -99.00000      -99.00000      -99.00000      -99.00000
                                   3.50      0.07     -0.01  -0.0061      0.0305890      0.0234170       26.49816        0.00000     6498.50830      -99.00000      -99.00000      -99.00000      -99.00000      -99.00000      -99.00000      -99.00000      -99.00000      -99.00000      -99.00000      -99.00000      -99.00000      -99.00000      -99.00000      -99.00000      -99.00000      -99.00000      -99.00000      -99.00000      -99.00000      -99.00000      -99.00000      -99.00000
                                   4.00      0.07     -0.01  -0.0053      0.0305921      0.0234213       26.42116        0.00000     6421.43652      -99.00000      -99.00000      -99.00000      -99.00000      -99.00000      -99.00000      -99.00000      -99.00000      -99.00000      -99.00000      -99.00000      -99.00000      -99.00000      -99.00000      -99.00000      -99.00000      -99.00000      -99.00000      -99.00000      -99.00000      -99.00000      -99.00000      -99.00000
                                   4.50      0.07     -0.01  -0.0046      0.0305937      0.0234235       26.34416        0.00000     6344.40771      -99.00000      -99.00000      -99.00000      -99.00000      -99.00000      -99.00000      -99.00000      -99.00000      -99.00000      -99.00000      -99.00000      -99.00000      -99.00000      -99.00000      -99.00000      -99.00000      -99.00000      -99.00000      -99.00000      -99.00000      -99.00000      -99.00000      -99.00000
                                   5.00      0.06     -0.01  -0.0038      0.0306015      0.0234343       26.26705        0.00000     6267.42090      -99.00000      -99.00000      -99.00000      -99.00000      -99.00000      -99.00000      -99.00000      -99.00000      -99.00000      -99.00000      -99.00000      -99.00000      -99.00000      -99.00000      -99.00000      -99.00000      -99.00000      -99.00000      -99.00000      -99.00000      -99.00000      -99.00000      -99.00000
                                   5.50      0.06     -0.01  -0.0030      0.0306266      0.0234687       26.19094        0.00000     6191.04932      -99.00000      -99.00000      -99.00000      -99.00000      -99.00000      -99.00000      -99.00000      -99.00000      -99.00000      -99.00000      -99.00000      -99.00000      -99.00000      -99.00000      -99.00000      -99.00000      -99.00000      -99.00000      -99.00000      -99.00000      -99.00000      -99.00000      -99.00000
                                   6.00      0.05     -0.02  -0.0023      0.0304747      0.0232603       26.11666        0.00000     6117.16016      -99.00000      -99.00000      -99.00000      -99.00000      -99.00000      -99.00000      -99.00000      -99.00000      -99.00000      -99.00000      -99.00000      -99.00000      -99.00000      -99.00000      -99.00000      -99.00000      -99.00000      -99.00000      -99.00000      -99.00000      -99.00000      -99.00000      -99.00000
                                   6.50      0.05     -0.02  -0.0016      0.0270489      0.0186187       26.01783        0.00000     6026.19238      -99.00000      -99.00000      -99.00000      -99.00000      -99.00000      -99.00000      -99.00000      -99.00000      -99.00000      -99.00000      -99.00000      -99.00000      -99.00000      -99.00000      -99.00000      -99.00000      -99.00000      -99.00000      -99.00000      -99.00000      -99.00000      -99.00000      -99.00000
                                   7.00      0.02     -0.04  -0.0010      0.0225439      0.0125691       25.07286        0.00000     5469.44336      -99.00000      -99.00000      -99.00000      -99.00000      -99.00000      -99.00000      -99.00000      -99.00000      -99.00000      -99.00000      -99.00000      -99.00000      -99.00000      -99.00000      -99.00000      -99.00000      -99.00000      -99.00000      -99.00000      -99.00000      -99.00000      -99.00000      -99.00000
                                   7.50     -0.01     -0.07  -0.0006      0.0214267      0.0110993       23.33422        0.00000     4476.84180      -99.00000      -99.00000      -99.00000      -99.00000      -99.00000      -99.00000      -99.00000      -99.00000      -99.00000      -99.00000      -99.00000      -99.00000      -99.00000      -99.00000      -99.00000      -99.00000      -99.00000      -99.00000      -99.00000      -99.00000      -99.00000      -99.00000      -99.00000
                                   8.00      0.05     -0.08  -0.0006      0.0217539      0.0115249       21.57280        0.00000     3470.73145      -99.00000      -99.00000      -99.00000      -99.00000      -99.00000      -99.00000      -99.00000      -99.00000      -99.00000      -99.00000      -99.00000      -99.00000      -99.00000      -99.00000      -99.00000      -99.00000      -99.00000      -99.00000      -99.00000      -99.00000      -99.00000      -99.00000      -99.00000
                                   8.50      0.00     -0.06  -0.0002      0.0236862      0.0140849       19.82680        0.00000     2472.60767      -99.00000      -99.00000      -99.00000      -99.00000      -99.00000      -99.00000      -99.00000      -99.00000      -99.00000      -99.00000      -99.00000      -99.00000      -99.00000      -99.00000      -99.00000      -99.00000      -99.00000      -99.00000      -99.00000      -99.00000      -99.00000      -99.00000      -99.00000
                                   9.00      0.00     -0.04   0.0000      0.0282036      0.0201750       18.98629        0.00000     1978.84375      -99.00000      -99.00000      -99.00000      -99.00000      -99.00000      -99.00000      -99.00000      -99.00000      -99.00000      -99.00000      -99.00000      -99.00000      -99.00000      -99.00000      -99.00000      -99.00000      -99.00000      -99.00000      -99.00000      -99.00000      -99.00000      -99.00000      -99.00000
                                   9.50      0.00     -0.04   0.0003      0.0310840      0.0240967       18.91918        0.00000     1919.13025      -99.00000      -99.00000      -99.00000      -99.00000      -99.00000      -99.00000      -99.00000      -99.00000      -99.00000      -99.00000      -99.00000      -99.00000      -99.00000      -99.00000      -99.00000      -99.00000      -99.00000      -99.00000      -99.00000      -99.00000      -99.00000      -99.00000      -99.00000
                                  10.00      0.00     -0.04   0.0007      0.0155907      0.0121153       18.86972        0.00000     1869.73743      -99.00000      -99.00000      -99.00000      -99.00000      -99.00000      -99.00000      -99.00000      -99.00000      -99.00000      -99.00000      -99.00000      -99.00000      -99.00000      -99.00000      -99.00000      -99.00000      -99.00000      -99.00000      -99.00000      -99.00000      -99.00000      -99.00000      -99.00000
                                  10.50      0.00      0.00   0.0000      0.0000000      0.0000000       18.86972        0.00000     1815.78943      -99.00000      -99.00000      -99.00000      -99.00000      -99.00000      -99.00000      -99.00000      -99.00000      -99.00000      -99.00000      -99.00000      -99.00000      -99.00000      -99.00000      -99.00000      -99.00000      -99.00000      -99.00000      -99.00000      -99.00000      -99.00000      -99.00000      -99.00000
