Points Source file for Amisk Lake sensibility simulations
Time is in hours since start of simulations
Data - (2) Flow (scfs); (3) Temp. (not used); (4) - Tracer Loads (DO, g/s)
Source - Jorge Toledo, UGR
Type = -2 (Section I/O BC ); = 1 (linear   bubble plume );
     = -1 (cell injection ); = 2 (circular bubble plume );
***********************************************************************
Type     !     6     ! Type of point source and sink
NumRecs  !   400     ! Number of records to read
***********************************************************************
uEpss    !     0.00  ! Fraction of flow in Eastward  direction
uWpss    !     0.00  ! Fraction of flow in Westward  direction
vNpss    !     0.50  ! Fraction of flow in Northward direction
vSpss    !     0.50  ! Fraction of flow in Southward direction
qthresh  !     0.00  ! Threshold flows to start point source solution
***********************************************************************
idetr    !     0.50  ! Fraction that multiplies (Qdetr/dx/h) for speed at detrainment cells
labmnot  !     3.17  ! Diffuser half width (m)
lnot     !     3.17  ! Diffuser length (m) [not used with circular plume]
diamm    !    1.477  ! Initial bubble diameter
alphai   !    0.126  ! Entrainment coefficient inner plume (-)
alphao   !     0.17  ! Entrainment coefficient outer plume (-)
alphaa   !     0.12  ! Entrainment coefficient from ambient (-)
lambda   !     0.52  ! Fraction of plume occupied by bubble (-)
froudei  !     1.47  ! Froude number inner plume
froudeo  !     0.14  ! Froude number outer plume
gammap   !    1.298  !
frconot  !     1.00  ! Mole fraction of O2 in diffuser gas (1.0=pure O2, 0.21=air)  ! ACC 2026
salamb   !    330.0  ! Ambient salinity (uS/cm)
patm     !  96554.0  ! Atmospheric pressure (pascals) (mm)
k4sod    !     0.00  ! Sediment oxygen demand constant
pdt      !     180   ! No. of time steps between updates
***********************************************************************
    1.0000     65.000     0.9999     40.000     40.000
    2.0000     65.000     0.9999     40.000     40.000
    3.0000     65.000     0.9999     40.000     40.000
    4.0000     65.000     0.9999     40.000     40.000
    5.0000     65.000     0.9999     40.000     40.000
    6.0000     65.000     0.9999     40.000     40.000
    7.0000     65.000     0.9999     40.000     40.000
    8.0000     65.000     0.9999     40.000     40.000
    9.0000     65.000     0.9999     40.000     40.000
   10.0000     65.000     0.9999     40.000     40.000
   11.0000     65.000     0.9999     40.000     40.000
   12.0000     65.000     0.9999     40.000     40.000
   13.0000     65.000     0.9999     40.000     40.000
   14.0000     65.000     0.9999     40.000     40.000
   15.0000     65.000     0.9999     40.000     40.000
   16.0000     65.000     0.9999     40.000     40.000
   17.0000     65.000     0.9999     40.000     40.000
   18.0000     65.000     0.9999     40.000     40.000
   19.0000     65.000     0.9999     40.000     40.000
   20.0000     65.000     0.9999     40.000     40.000
   21.0000     65.000     0.9999     40.000     40.000
   22.0000     65.000     0.9999     40.000     40.000
   23.0000     65.000     0.9999     40.000     40.000
   24.0000     65.000     0.9999     40.000     40.000
   25.0000     65.000     0.9999     40.000     40.000
   26.0000     65.000     0.9999     40.000     40.000
   27.0000     65.000     0.9999     40.000     40.000
   28.0000     65.000     0.9999     40.000     40.000
   29.0000     65.000     0.9999     40.000     40.000
   30.0000     65.000     0.9999     40.000     40.000
   31.0000     65.000     0.9999     40.000     40.000
   32.0000     65.000     0.9999     40.000     40.000
   33.0000     65.000     0.9999     40.000     40.000
   34.0000     65.000     0.9999     40.000     40.000
   35.0000     65.000     0.9999     40.000     40.000
   36.0000     65.000     0.9999     40.000     40.000
   37.0000     65.000     0.9999     40.000     40.000
   38.0000     65.000     0.9999     40.000     40.000
   39.0000     65.000     0.9999     40.000     40.000
   40.0000     65.000     0.9999     40.000     40.000
   41.0000     65.000     0.9999     40.000     40.000
   42.0000     65.000     0.9999     40.000     40.000
   43.0000     65.000     0.9999     40.000     40.000
   44.0000     65.000     0.9999     40.000     40.000
   45.0000     65.000     0.9999     40.000     40.000
   46.0000     65.000     0.9999     40.000     40.000
   47.0000     65.000     0.9999     40.000     40.000
   48.0000     65.000     0.9999     40.000     40.000
   49.0000     65.000     0.9999     40.000     40.000
   50.0000     65.000     0.9999     40.000     40.000
   51.0000     65.000     0.9999     40.000     40.000
   52.0000     65.000     0.9999     40.000     40.000
   53.0000     65.000     0.9999     40.000     40.000
   54.0000     65.000     0.9999     40.000     40.000
   55.0000     65.000     0.9999     40.000     40.000
   56.0000     65.000     0.9999     40.000     40.000
   57.0000     65.000     0.9999     40.000     40.000
   58.0000     65.000     0.9999     40.000     40.000
   59.0000     65.000     0.9999     40.000     40.000
   60.0000     65.000     0.9999     40.000     40.000
   61.0000     65.000     0.9999     40.000     40.000
   62.0000     65.000     0.9999     40.000     40.000
   63.0000     65.000     0.9999     40.000     40.000
   64.0000     65.000     0.9999     40.000     40.000
   65.0000     65.000     0.9999     40.000     40.000
   66.0000     65.000     0.9999     40.000     40.000
   67.0000     65.000     0.9999     40.000     40.000
   68.0000     65.000     0.9999     40.000     40.000
   69.0000     65.000     0.9999     40.000     40.000
   70.0000     65.000     0.9999     40.000     40.000
   71.0000     65.000     0.9999     40.000     40.000
   72.0000     65.000     0.9999     40.000     40.000
   73.0000     65.000     0.9999     40.000     40.000
   74.0000     65.000     0.9999     40.000     40.000
   75.0000     65.000     0.9999     40.000     40.000
   76.0000     65.000     0.9999     40.000     40.000
   77.0000     65.000     0.9999     40.000     40.000
   78.0000     65.000     0.9999     40.000     40.000
   79.0000     65.000     0.9999     40.000     40.000
   80.0000     65.000     0.9999     40.000     40.000
   81.0000     65.000     0.9999     40.000     40.000
   82.0000     65.000     0.9999     40.000     40.000
   83.0000     65.000     0.9999     40.000     40.000
   84.0000     65.000     0.9999     40.000     40.000
   85.0000     65.000     0.9999     40.000     40.000
   86.0000     65.000     0.9999     40.000     40.000
   87.0000     65.000     0.9999     40.000     40.000
   88.0000     65.000     0.9999     40.000     40.000
   89.0000     65.000     0.9999     40.000     40.000
   90.0000     65.000     0.9999     40.000     40.000
   91.0000     65.000     0.9999     40.000     40.000
   92.0000     65.000     0.9999     40.000     40.000
   93.0000     65.000     0.9999     40.000     40.000
   94.0000     65.000     0.9999     40.000     40.000
   95.0000     65.000     0.9999     40.000     40.000
   96.0000     65.000     0.9999     40.000     40.000
   97.0000     65.000     0.9999     40.000     40.000
   98.0000     65.000     0.9999     40.000     40.000
   99.0000     65.000     0.9999     40.000     40.000
  100.0000     65.000     0.9999     40.000     40.000
  101.0000     65.000     0.9999     40.000     40.000
  102.0000     65.000     0.9999     40.000     40.000
  103.0000     65.000     0.9999     40.000     40.000
  104.0000     65.000     0.9999     40.000     40.000
  105.0000     65.000     0.9999     40.000     40.000
  106.0000     65.000     0.9999     40.000     40.000
  107.0000     65.000     0.9999     40.000     40.000
  108.0000     65.000     0.9999     40.000     40.000
  109.0000     65.000     0.9999     40.000     40.000
  110.0000     65.000     0.9999     40.000     40.000
  111.0000     65.000     0.9999     40.000     40.000
  112.0000     65.000     0.9999     40.000     40.000
  113.0000     65.000     0.9999     40.000     40.000
  114.0000     65.000     0.9999     40.000     40.000
  115.0000     65.000     0.9999     40.000     40.000
  116.0000     65.000     0.9999     40.000     40.000
  117.0000     65.000     0.9999     40.000     40.000
  118.0000     65.000     0.9999     40.000     40.000
  119.0000     65.000     0.9999     40.000     40.000
  120.0000     65.000     0.9999     40.000     40.000
  121.0000     65.000     0.9999     40.000     40.000
  122.0000     65.000     0.9999     40.000     40.000
  123.0000     65.000     0.9999     40.000     40.000
  124.0000     65.000     0.9999     40.000     40.000
  125.0000     65.000     0.9999     40.000     40.000
  126.0000     65.000     0.9999     40.000     40.000
  127.0000     65.000     0.9999     40.000     40.000
  128.0000     65.000     0.9999     40.000     40.000
  129.0000     65.000     0.9999     40.000     40.000
  130.0000     65.000     0.9999     40.000     40.000
  131.0000     65.000     0.9999     40.000     40.000
  132.0000     65.000     0.9999     40.000     40.000
  133.0000     65.000     0.9999     40.000     40.000
  134.0000     65.000     0.9999     40.000     40.000
  135.0000     65.000     0.9999     40.000     40.000
  136.0000     65.000     0.9999     40.000     40.000
  137.0000     65.000     0.9999     40.000     40.000
  138.0000     65.000     0.9999     40.000     40.000
  139.0000     65.000     0.9999     40.000     40.000
  140.0000     65.000     0.9999     40.000     40.000
  141.0000     65.000     0.9999     40.000     40.000
  142.0000     65.000     0.9999     40.000     40.000
  143.0000     65.000     0.9999     40.000     40.000
  144.0000     65.000     0.9999     40.000     40.000
  145.0000     65.000     0.9999     40.000     40.000
  146.0000     65.000     0.9999     40.000     40.000
  147.0000     65.000     0.9999     40.000     40.000
  148.0000     65.000     0.9999     40.000     40.000
  149.0000     65.000     0.9999     40.000     40.000
  150.0000     65.000     0.9999     40.000     40.000
  151.0000     65.000     0.9999     40.000     40.000
  152.0000     65.000     0.9999     40.000     40.000
  153.0000     65.000     0.9999     40.000     40.000
  154.0000     65.000     0.9999     40.000     40.000
  155.0000     65.000     0.9999     40.000     40.000
  156.0000     65.000     0.9999     40.000     40.000
  157.0000     65.000     0.9999     40.000     40.000
  158.0000     65.000     0.9999     40.000     40.000
  159.0000     65.000     0.9999     40.000     40.000
  160.0000     65.000     0.9999     40.000     40.000
  161.0000     65.000     0.9999     40.000     40.000
  162.0000     65.000     0.9999     40.000     40.000
  163.0000     65.000     0.9999     40.000     40.000
  164.0000     65.000     0.9999     40.000     40.000
  165.0000     65.000     0.9999     40.000     40.000
  166.0000     65.000     0.9999     40.000     40.000
  167.0000     65.000     0.9999     40.000     40.000
  168.0000     65.000     0.9999     40.000     40.000
  169.0000     65.000     0.9999     40.000     40.000
  170.0000     65.000     0.9999     40.000     40.000
  171.0000     65.000     0.9999     40.000     40.000
  172.0000     65.000     0.9999     40.000     40.000
  173.0000     65.000     0.9999     40.000     40.000
  174.0000     65.000     0.9999     40.000     40.000
  175.0000     65.000     0.9999     40.000     40.000
  176.0000     65.000     0.9999     40.000     40.000
  177.0000     65.000     0.9999     40.000     40.000
  178.0000     65.000     0.9999     40.000     40.000
  179.0000     65.000     0.9999     40.000     40.000
  180.0000     65.000     0.9999     40.000     40.000
  181.0000     65.000     0.9999     40.000     40.000
  182.0000     65.000     0.9999     40.000     40.000
  183.0000     65.000     0.9999     40.000     40.000
  184.0000     65.000     0.9999     40.000     40.000
  185.0000     65.000     0.9999     40.000     40.000
  186.0000     65.000     0.9999     40.000     40.000
  187.0000     65.000     0.9999     40.000     40.000
  188.0000     65.000     0.9999     40.000     40.000
  189.0000     65.000     0.9999     40.000     40.000
  190.0000     65.000     0.9999     40.000     40.000
  191.0000     65.000     0.9999     40.000     40.000
  192.0000     65.000     0.9999     40.000     40.000
  193.0000     65.000     0.9999     40.000     40.000
  194.0000     65.000     0.9999     40.000     40.000
  195.0000     65.000     0.9999     40.000     40.000
  196.0000     65.000     0.9999     40.000     40.000
  197.0000     65.000     0.9999     40.000     40.000
  198.0000     65.000     0.9999     40.000     40.000
  199.0000     65.000     0.9999     40.000     40.000
  200.0000     65.000     0.9999     40.000     40.000
  201.0000     65.000     0.9999     40.000     40.000
  202.0000     65.000     0.9999     40.000     40.000
  203.0000     65.000     0.9999     40.000     40.000
  204.0000     65.000     0.9999     40.000     40.000
  205.0000     65.000     0.9999     40.000     40.000
  206.0000     65.000     0.9999     40.000     40.000
  207.0000     65.000     0.9999     40.000     40.000
  208.0000     65.000     0.9999     40.000     40.000
  209.0000     65.000     0.9999     40.000     40.000
  210.0000     65.000     0.9999     40.000     40.000
  211.0000     65.000     0.9999     40.000     40.000
  212.0000     65.000     0.9999     40.000     40.000
  213.0000     65.000     0.9999     40.000     40.000
  214.0000     65.000     0.9999     40.000     40.000
  215.0000     65.000     0.9999     40.000     40.000
  216.0000     65.000     0.9999     40.000     40.000
  217.0000     65.000     0.9999     40.000     40.000
  218.0000     65.000     0.9999     40.000     40.000
  219.0000     65.000     0.9999     40.000     40.000
  220.0000     65.000     0.9999     40.000     40.000
  221.0000     65.000     0.9999     40.000     40.000
  222.0000     65.000     0.9999     40.000     40.000
  223.0000     65.000     0.9999     40.000     40.000
  224.0000     65.000     0.9999     40.000     40.000
  225.0000     65.000     0.9999     40.000     40.000
  226.0000     65.000     0.9999     40.000     40.000
  227.0000     65.000     0.9999     40.000     40.000
  228.0000     65.000     0.9999     40.000     40.000
  229.0000     65.000     0.9999     40.000     40.000
  230.0000     65.000     0.9999     40.000     40.000
  231.0000     65.000     0.9999     40.000     40.000
  232.0000     65.000     0.9999     40.000     40.000
  233.0000     65.000     0.9999     40.000     40.000
  234.0000     65.000     0.9999     40.000     40.000
  235.0000     65.000     0.9999     40.000     40.000
  236.0000     65.000     0.9999     40.000     40.000
  237.0000     65.000     0.9999     40.000     40.000
  238.0000     65.000     0.9999     40.000     40.000
  239.0000     65.000     0.9999     40.000     40.000
  240.0000     65.000     0.9999     40.000     40.000
  241.0000     65.000     0.9999     40.000     40.000
  242.0000     65.000     0.9999     40.000     40.000
  243.0000     65.000     0.9999     40.000     40.000
  244.0000     65.000     0.9999     40.000     40.000
  245.0000     65.000     0.9999     40.000     40.000
  246.0000     65.000     0.9999     40.000     40.000
  247.0000     65.000     0.9999     40.000     40.000
  248.0000     65.000     0.9999     40.000     40.000
  249.0000     65.000     0.9999     40.000     40.000
  250.0000     65.000     0.9999     40.000     40.000
  251.0000     65.000     0.9999     40.000     40.000
  252.0000     65.000     0.9999     40.000     40.000
  253.0000     65.000     0.9999     40.000     40.000
  254.0000     65.000     0.9999     40.000     40.000
  255.0000     65.000     0.9999     40.000     40.000
  256.0000     65.000     0.9999     40.000     40.000
  257.0000     65.000     0.9999     40.000     40.000
  258.0000     65.000     0.9999     40.000     40.000
  259.0000     65.000     0.9999     40.000     40.000
  260.0000     65.000     0.9999     40.000     40.000
  261.0000     65.000     0.9999     40.000     40.000
  262.0000     65.000     0.9999     40.000     40.000
  263.0000     65.000     0.9999     40.000     40.000
  264.0000     65.000     0.9999     40.000     40.000
  265.0000     65.000     0.9999     40.000     40.000
  266.0000     65.000     0.9999     40.000     40.000
  267.0000     65.000     0.9999     40.000     40.000
  268.0000     65.000     0.9999     40.000     40.000
  269.0000     65.000     0.9999     40.000     40.000
  270.0000     65.000     0.9999     40.000     40.000
  271.0000     65.000     0.9999     40.000     40.000
  272.0000     65.000     0.9999     40.000     40.000
  273.0000     65.000     0.9999     40.000     40.000
  274.0000     65.000     0.9999     40.000     40.000
  275.0000     65.000     0.9999     40.000     40.000
  276.0000     65.000     0.9999     40.000     40.000
  277.0000     65.000     0.9999     40.000     40.000
  278.0000     65.000     0.9999     40.000     40.000
  279.0000     65.000     0.9999     40.000     40.000
  280.0000     65.000     0.9999     40.000     40.000
  281.0000     65.000     0.9999     40.000     40.000
  282.0000     65.000     0.9999     40.000     40.000
  283.0000     65.000     0.9999     40.000     40.000
  284.0000     65.000     0.9999     40.000     40.000
  285.0000     65.000     0.9999     40.000     40.000
  286.0000     65.000     0.9999     40.000     40.000
  287.0000     65.000     0.9999     40.000     40.000
  288.0000     65.000     0.9999     40.000     40.000
  289.0000     65.000     0.9999     40.000     40.000
  290.0000     65.000     0.9999     40.000     40.000
  291.0000     65.000     0.9999     40.000     40.000
  292.0000     65.000     0.9999     40.000     40.000
  293.0000     65.000     0.9999     40.000     40.000
  294.0000     65.000     0.9999     40.000     40.000
  295.0000     65.000     0.9999     40.000     40.000
  296.0000     65.000     0.9999     40.000     40.000
  297.0000     65.000     0.9999     40.000     40.000
  298.0000     65.000     0.9999     40.000     40.000
  299.0000     65.000     0.9999     40.000     40.000
  300.0000     65.000     0.9999     40.000     40.000
  301.0000     65.000     0.9999     40.000     40.000
  302.0000     65.000     0.9999     40.000     40.000
  303.0000     65.000     0.9999     40.000     40.000
  304.0000     65.000     0.9999     40.000     40.000
  305.0000     65.000     0.9999     40.000     40.000
  306.0000     65.000     0.9999     40.000     40.000
  307.0000     65.000     0.9999     40.000     40.000
  308.0000     65.000     0.9999     40.000     40.000
  309.0000     65.000     0.9999     40.000     40.000
  310.0000     65.000     0.9999     40.000     40.000
  311.0000     65.000     0.9999     40.000     40.000
  312.0000     65.000     0.9999     40.000     40.000
  313.0000     65.000     0.9999     40.000     40.000
  314.0000     65.000     0.9999     40.000     40.000
  315.0000     65.000     0.9999     40.000     40.000
  316.0000     65.000     0.9999     40.000     40.000
  317.0000     65.000     0.9999     40.000     40.000
  318.0000     65.000     0.9999     40.000     40.000
  319.0000     65.000     0.9999     40.000     40.000
  320.0000     65.000     0.9999     40.000     40.000
  321.0000     65.000     0.9999     40.000     40.000
  322.0000     65.000     0.9999     40.000     40.000
  323.0000     65.000     0.9999     40.000     40.000
  324.0000     65.000     0.9999     40.000     40.000
  325.0000     65.000     0.9999     40.000     40.000
  326.0000     65.000     0.9999     40.000     40.000
  327.0000     65.000     0.9999     40.000     40.000
  328.0000     65.000     0.9999     40.000     40.000
  329.0000     65.000     0.9999     40.000     40.000
  330.0000     65.000     0.9999     40.000     40.000
  331.0000     65.000     0.9999     40.000     40.000
  332.0000     65.000     0.9999     40.000     40.000
  333.0000     65.000     0.9999     40.000     40.000
  334.0000     65.000     0.9999     40.000     40.000
  335.0000     65.000     0.9999     40.000     40.000
  336.0000     65.000     0.9999     40.000     40.000
  337.0000     65.000     0.9999     40.000     40.000
  338.0000     65.000     0.9999     40.000     40.000
  339.0000     65.000     0.9999     40.000     40.000
  340.0000     65.000     0.9999     40.000     40.000
  341.0000     65.000     0.9999     40.000     40.000
  342.0000     65.000     0.9999     40.000     40.000
  343.0000     65.000     0.9999     40.000     40.000
  344.0000     65.000     0.9999     40.000     40.000
  345.0000     65.000     0.9999     40.000     40.000
  346.0000     65.000     0.9999     40.000     40.000
  347.0000     65.000     0.9999     40.000     40.000
  348.0000     65.000     0.9999     40.000     40.000
  349.0000     65.000     0.9999     40.000     40.000
  350.0000     65.000     0.9999     40.000     40.000
  351.0000     65.000     0.9999     40.000     40.000
  352.0000     65.000     0.9999     40.000     40.000
  353.0000     65.000     0.9999     40.000     40.000
  354.0000     65.000     0.9999     40.000     40.000
  355.0000     65.000     0.9999     40.000     40.000
  356.0000     65.000     0.9999     40.000     40.000
  357.0000     65.000     0.9999     40.000     40.000
  358.0000     65.000     0.9999     40.000     40.000
  359.0000     65.000     0.9999     40.000     40.000
  360.0000     65.000     0.9999     40.000     40.000
  361.0000     65.000     0.9999     40.000     40.000
  362.0000     65.000     0.9999     40.000     40.000
  363.0000     65.000     0.9999     40.000     40.000
  364.0000     65.000     0.9999     40.000     40.000
  365.0000     65.000     0.9999     40.000     40.000
  366.0000     65.000     0.9999     40.000     40.000
  367.0000     65.000     0.9999     40.000     40.000
  368.0000     65.000     0.9999     40.000     40.000
  369.0000     65.000     0.9999     40.000     40.000
  370.0000     65.000     0.9999     40.000     40.000
  371.0000     65.000     0.9999     40.000     40.000
  372.0000     65.000     0.9999     40.000     40.000
  373.0000     65.000     0.9999     40.000     40.000
  374.0000     65.000     0.9999     40.000     40.000
  375.0000     65.000     0.9999     40.000     40.000
  376.0000     65.000     0.9999     40.000     40.000
  377.0000     65.000     0.9999     40.000     40.000
  378.0000     65.000     0.9999     40.000     40.000
  379.0000     65.000     0.9999     40.000     40.000
  380.0000     65.000     0.9999     40.000     40.000
  381.0000     65.000     0.9999     40.000     40.000
  382.0000     65.000     0.9999     40.000     40.000
  383.0000     65.000     0.9999     40.000     40.000
  384.0000     65.000     0.9999     40.000     40.000
  385.0000     65.000     0.9999     40.000     40.000
  386.0000     65.000     0.9999     40.000     40.000
  387.0000     65.000     0.9999     40.000     40.000
  388.0000     65.000     0.9999     40.000     40.000
  389.0000     65.000     0.9999     40.000     40.000
  390.0000     65.000     0.9999     40.000     40.000
  391.0000     65.000     0.9999     40.000     40.000
  392.0000     65.000     0.9999     40.000     40.000
  393.0000     65.000     0.9999     40.000     40.000
  394.0000     65.000     0.9999     40.000     40.000
  395.0000     65.000     0.9999     40.000     40.000
  396.0000     65.000     0.9999     40.000     40.000
  397.0000     65.000     0.9999     40.000     40.000
  398.0000     65.000     0.9999     40.000     40.000
  399.0000     65.000     0.9999     40.000     40.000
  400.0000     65.000     0.9999     40.000     40.000
