Circular bowl   (dx= 100m),   imx =   41,jmx =   41,ncols =  41
HV       V   V   V   V   V   V   V   V   V   V   V   V   V   V   V   V   V   V   V   V   V   V   V   V   V   V   V   V   V   V   V   V   V   V   V   V   V   V   V   V   V
         2    3    4    5    6    7    8    9   10   11   12   13   14   15   16   17   18   19   20   21   22   23   24   25   26   27   28   29   30   31   32   33   34   35   36   37   38   39   40   41   42
   42   99   99   99   99   99   99   99   99   99   99   99   99   99   99   99   99   99   99   99   99   99   99   99   99   99   99   99   99   99   99   99   99   99   99   99   99   99   99   99   99   99 
   41   99   99   99   99   99   99   99   99   99   99   99   99   99   99    1    6   10   13   15   17   17   17   15   13   10    6    1   99   99   99   99   99   99   99   99   99   99   99   99   99   99 
   40   99   99   99   99   99   99   99   99   99   99   99   99    5   12   17   22   26   29   31   33   33   33   31   29   26   22   17   12    5   99   99   99   99   99   99   99   99   99   99   99   99 
   39   99   99   99   99   99   99   99   99   99   99    5   13   21   27   33   38   42   45   47   48   49   48   47   45   42   38   33   27   21   13    5   99   99   99   99   99   99   99   99   99   99 
   38   99   99   99   99   99   99   99   99   99   10   19   28   35   42   47   52   56   59   61   63   63   63   61   59   56   52   47   42   35   28   19   10   99   99   99   99   99   99   99   99   99 
   37   99   99   99   99   99   99   99    3   14   24   33   41   49   55   61   66   70   73   75   76   77   76   75   73   70   66   61   55   49   41   33   24   14    3   99   99   99   99   99   99   99 
   36   99   99   99   99   99   99    3   15   26   36   46   54   61   68   74   78   82   85   87   89   89   89   87   85   82   78   74   68   61   54   46   36   26   15    3   99   99   99   99   99   99 
   35   99   99   99   99   99    3   15   27   38   48   57   66   73   80   85   90   94   97   99  101  101  101   99   97   94   90   85   80   73   66   57   48   38   27   15    3   99   99   99   99   99 
   34   99   99   99   99   99   14   26   38   49   59   68   77   84   91   96  101  105  108  110  112  112  112  110  108  105  101   96   91   84   77   68   59   49   38   26   14   99   99   99   99   99 
   33   99   99   99   99   10   24   36   48   59   69   78   87   94  101  106  111  115  118  120  122  122  122  120  118  115  111  106  101   94   87   78   69   59   48   36   24   10   99   99   99   99 
   32   99   99   99    5   19   33   46   57   68   78   87   96  103  110  116  120  124  127  130  131  131  131  130  127  124  120  116  110  103   96   87   78   68   57   46   33   19    5   99   99   99 
   31   99   99   99   13   28   41   54   66   77   87   96  104  112  118  124  129  133  136  138  139  140  139  138  136  133  129  124  118  112  104   96   87   77   66   54   41   28   13   99   99   99 
   30   99   99    5   21   35   49   61   73   84   94  103  112  119  126  131  136  140  143  145  147  147  147  145  143  140  136  131  126  119  112  103   94   84   73   61   49   35   21    5   99   99 
   29   99   99   12   27   42   55   68   80   91  101  110  118  126  132  138  143  147  150  152  153  154  153  152  150  147  143  138  132  126  118  110  101   91   80   68   55   42   27   12   99   99 
   28   99    1   17   33   47   61   74   85   96  106  116  124  131  138  144  148  152  155  158  159  159  159  158  155  152  148  144  138  131  124  116  106   96   85   74   61   47   33   17    1   99 
   27   99    6   22   38   52   66   78   90  101  111  120  129  136  143  148  153  157  160  162  164  164  164  162  160  157  153  148  143  136  129  120  111  101   90   78   66   52   38   22    6   99 
   26   99   10   26   42   56   70   82   94  105  115  124  133  140  147  152  157  161  164  166  168  168  168  166  164  161  157  152  147  140  133  124  115  105   94   82   70   56   42   26   10   99 
   25   99   13   29   45   59   73   85   97  108  118  127  136  143  150  155  160  164  167  169  171  171  171  169  167  164  160  155  150  143  136  127  118  108   97   85   73   59   45   29   13   99 
   24   99   15   31   47   61   75   87   99  110  120  130  138  145  152  158  162  166  169  172  173  173  173  172  169  166  162  158  152  145  138  130  120  110   99   87   75   61   47   31   15   99 
   23   99   17   33   48   63   76   89  101  112  122  131  139  147  153  159  164  168  171  173  174  175  174  173  171  168  164  159  153  147  139  131  122  112  101   89   76   63   48   33   17   99 
   22   99   17   33   49   63   77   89  101  112  122  131  140  147  154  159  164  168  171  173  175  175  175  173  171  168  164  159  154  147  140  131  122  112  101   89   77   63   49   33   17   99 
   21   99   17   33   48   63   76   89  101  112  122  131  139  147  153  159  164  168  171  173  174  175  174  173  171  168  164  159  153  147  139  131  122  112  101   89   76   63   48   33   17   99 
   20   99   15   31   47   61   75   87   99  110  120  130  138  145  152  158  162  166  169  172  173  173  173  172  169  166  162  158  152  145  138  130  120  110   99   87   75   61   47   31   15   99 
   19   99   13   29   45   59   73   85   97  108  118  127  136  143  150  155  160  164  167  169  171  171  171  169  167  164  160  155  150  143  136  127  118  108   97   85   73   59   45   29   13   99 
   18   99   10   26   42   56   70   82   94  105  115  124  133  140  147  152  157  161  164  166  168  168  168  166  164  161  157  152  147  140  133  124  115  105   94   82   70   56   42   26   10   99 
   17   99    6   22   38   52   66   78   90  101  111  120  129  136  143  148  153  157  160  162  164  164  164  162  160  157  153  148  143  136  129  120  111  101   90   78   66   52   38   22    6   99 
   16   99    1   17   33   47   61   74   85   96  106  116  124  131  138  144  148  152  155  158  159  159  159  158  155  152  148  144  138  131  124  116  106   96   85   74   61   47   33   17    1   99 
   15   99   99   12   27   42   55   68   80   91  101  110  118  126  132  138  143  147  150  152  153  154  153  152  150  147  143  138  132  126  118  110  101   91   80   68   55   42   27   12   99   99 
   14   99   99    5   21   35   49   61   73   84   94  103  112  119  126  131  136  140  143  145  147  147  147  145  143  140  136  131  126  119  112  103   94   84   73   61   49   35   21    5   99   99 
   13   99   99   99   13   28   41   54   66   77   87   96  104  112  118  124  129  133  136  138  139  140  139  138  136  133  129  124  118  112  104   96   87   77   66   54   41   28   13   99   99   99 
   12   99   99   99    5   19   33   46   57   68   78   87   96  103  110  116  120  124  127  130  131  131  131  130  127  124  120  116  110  103   96   87   78   68   57   46   33   19    5   99   99   99 
   11   99   99   99   99   10   24   36   48   59   69   78   87   94  101  106  111  115  118  120  122  122  122  120  118  115  111  106  101   94   87   78   69   59   48   36   24   10   99   99   99   99 
   10   99   99   99   99   99   14   26   38   49   59   68   77   84   91   96  101  105  108  110  112  112  112  110  108  105  101   96   91   84   77   68   59   49   38   26   14   99   99   99   99   99 
    9   99   99   99   99   99    3   15   27   38   48   57   66   73   80   85   90   94   97   99  101  101  101   99   97   94   90   85   80   73   66   57   48   38   27   15    3   99   99   99   99   99 
    8   99   99   99   99   99   99    3   15   26   36   46   54   61   68   74   78   82   85   87   89   89   89   87   85   82   78   74   68   61   54   46   36   26   15    3   99   99   99   99   99   99 
    7   99   99   99   99   99   99   99    3   14   24   33   41   49   55   61   66   70   73   75   76   77   76   75   73   70   66   61   55   49   41   33   24   14    3   99   99   99   99   99   99   99 
    6   99   99   99   99   99   99   99   99   99   10   19   28   35   42   47   52   56   59   61   63   63   63   61   59   56   52   47   42   35   28   19   10   99   99   99   99   99   99   99   99   99 
    5   99   99   99   99   99   99   99   99   99   99    5   13   21   27   33   38   42   45   47   48   49   48   47   45   42   38   33   27   21   13    5   99   99   99   99   99   99   99   99   99   99 
    4   99   99   99   99   99   99   99   99   99   99   99   99    5   12   17   22   26   29   31   33   33   33   31   29   26   22   17   12    5   99   99   99   99   99   99   99   99   99   99   99   99 
    3   99   99   99   99   99   99   99   99   99   99   99   99   99   99    1    6   10   13   15   17   17   17   15   13   10    6    1   99   99   99   99   99   99   99   99   99   99   99   99   99   99 
    2   99   99   99   99   99   99   99   99   99   99   99   99   99   99   99   99   99   99   99   99   99   99   99   99   99   99   99   99   99   99   99   99   99   99   99   99   99   99   99   99   99 
