Initial condition file for si3d model            - 
HgTest_12             - 
Simulation starting on 2023-01-01 00:00:00 UTC    - 
Depths (m)   Temp (oC)   Tracers (g/L) -->       - 
Source: From constant values                     - 
-------------------------------------------------- 
     -0.10     4.0000     0.0000
     -0.10     4.0000     0.0000
     -0.30     4.0000     0.0000
     -0.50     4.0000     0.0000
     -0.70     4.0000     0.0000
     -0.90     4.0000     0.0000
     -1.10     4.0000     0.0000
     -1.30     4.0000     0.0000
     -1.50     4.0000     0.0000
     -1.70     4.0000     0.0000
     -1.90     4.0000     0.0000
     -2.10     4.0000     0.0000
     -2.30     4.0000     0.0000
     -2.50     4.0000     0.0000
     -2.70     4.0000     0.0000
     -2.90     4.0000     0.0000
     -3.10     4.0000     0.0000
     -3.30     4.0000     0.0000
     -3.50     4.0000     0.0000
     -3.70     4.0000     0.0000
     -3.90     4.0000     0.0000
     -4.10     4.0000     0.0000
     -4.30     4.0000     0.0000
     -4.50     4.0000     0.0000
     -4.70     4.0000     0.0000
     -4.90     4.0000     0.0000
     -5.10     4.0000     0.0000
     -5.10     4.0000     0.0000
